;
;ͼ  x   y   name   뾶    ʱ䣨֣  %
;



;õ->
0 665 86     0 1  1
0 672 93     0 1  1   

;->õ ü
2 417 558    0 1  1
2 416 559    0 1  1   
2 423 566    0 1  1   
2 424 565    0 1  1   

;渶
0 340  513    0 1  1
0 341  514    0 1  1

0 367  487    0 1  1
0 368  488    0 1  1

;õ
0 318  244     0 1  1
0 300  207     0 1  1
0 310  227     0 1  1
0 313  230     0 1  1
0 309  286     0 1  1
0 329  289     0 1  1
0 355  280     0 1  1
0 362  301     0 1  1
0 374  291     0 1  1

;伺
3 325  311     0 1  1
3 348  332     0 1  1
3 296  334     0 1  1
3 302  340     0 1  1
3 305  290     0 1  1
3 288  305     0 1  1
3 302  370     0 1  1

;ǰ
2 510  479     0 1  1

;೪
0 567  621    0 1  1
0 600  576    0 1  1
0 662  558    0 1  1

;齣 Ա õ->齣
0 320  36     0 1  1
0 327  42     0 1  1
;齣->õ
1 566  544    0 1  1
1 555  544    0 1  1

;ü ->
3 273 743    0 1  1   
3 274 744    0 1  1   

3 512 770    0 1  1   
3 519 777    0 1  1   

; -> 
2 292 60     0 1  1  
2 298 65     0 1  1  

2 552 80     0 1  1  
2 560 88     0 1  1 

;ɭ--
1  46  39    0 1  1
1  52  33    0 1  1
11 43  480    0 1  1
11 49  474    0 1  1
11 	353 246     0 1  1	
11 	357 243    0 1  1
12 	327 468    0 1  1
12 	320 474    0 1  1 

;µ
5  136  336    0 1  1
5  131  301    0 1  1
5  140  362    0 1  1
5  169  352    0 1  1
5  164  357    0 1  1
5  122  334    0 1  1
5  143  324    0 1  1


;;ο -> 

E605	10	61			 		 0			1				 20
E605	15	68			 		 0			1				 20

D601	13	196			 		 0			1				 20
D601	7	201			 		 0			1			  20


;;ο -> 

E601	139	13			 		 0			1				 20
E601	138	12			 		 0			1				 20

D422	332	380			 		 0			1				 20
D422	328	384			 		 0			1				 20



;õ
	
0 350  200   25 40 5
0 280  260   25 40 5
0 405  240   25 40 5
0 340  310   25 40 5
;
;õ
0 110  60    70 40 9
0 110  80  ๳è  60 40 9
0 220  60    60 40 9
0 150  130  ๳è  50 40 9
0 140  100  è  50 50 9
0 90  240    60 50 6 2
0 65  185  ֩   30 30 9
0 120  200  ʳ˻   60 40 9 
0 210  185  ¹ 45 50 5
0 265  125  ¹ 45 50 5
0 310  95  ¹ 45 50 5
0 225  20    20 15 8
0 280  380    20 15 8
0 340  80    20 15 8
0 60  300  ֩   60 40 9
;
;õ
0 420  95     50 50 9
0 570  120  ֩  80 30 9
0 615  110  ֩  50 20 9
0 560  200     90 80 7
0 620  370  ֩  60 40 9
;
;õ
0 420  380  ¹   45 40  5
0 470  330  ¹   45 40  5
0 395  420   40 40  8
0 475  500  ʳ˻  90 70  9
0 405  515   30 30  8
0 500  400    50   40  9
0 510  410  ๳è 50   40  9
0 510  410  è  50   40  9
0 560  320     90 60  7
0 480  450     60 50  7
0 600  400  ɭѩ   70 30  7
0 600  400     80 60  9
0 610  405  ʳ˻  60 80  9
0 650  420  ֩  30 30  9

0 600  580  ¹   40 30  7
0 663  661   20 40  5
0 540  530   70 70  5
0 550  550  ¹   70 70  4
0 570  610  ¹   50 60  5
0 640  520  ๳è 50   40  5
0 640  520  è  50   40  5
0 640  530    50   40  5


;
;õ
0 205  325  ¹   50 40  5
0 260  380  ¹   50 40  5
0 300  410   50 30  6
0 200  400    50   30  6
0 180  420  ๳è  50   30  6
0 180  420  è  50   30  6
0 110  425  ɭѩ   70 40  7
0 110  440     70 50  7
0 220  470     70 50  7
0 140  500     50 30  7
0 130  510  ʳ˻  70 40  9
0 165  550  ɭѩ   60 40  7
0 340  550  è 50 50  6
0 340  550  ๳è 50   50  6
0 340  550  ¹   50 40  4
0 247  565  ¹   50 50  4
0 330  530   40 60  6
0 270  625  ¹   60 70  4
0 270  625   60 60  5
;
;渶
0 295  625   50 90 5

;
;೪
0 645  625   40 40  5
;0 330  270  ӥ 50 40 20
;0 330  270  ӥ0 200 1 30
;0 330  270  ӥ 200 1  240
;
; 齣
;


1 145  60   ɭѩ   80 35  7
1 145  60   ɭѩ   80 35  7
1 302  164     150 200 6
1 302  164  սʿ 150 40  6
1 302  164  ʿ 150 2  60
1 302  164  ɭѩ   150 90 6
1 352  382     100 30  6
1 352  382  սʿ 100 10  6
1 352  382  ʿ 100 4  60
1 250  230  ɭѩ   230 300 5
1 250  230     230 200 6
1 250  230  սʿ 230 50  6
1 250  230  ʿ 230 1  60
1 219  381     100 50  6
1 219  381  սʿ 100 10  6
1 219  381  ʿ 100 4  60
1 219  381  ɭѩ   100 90 5
1 238  511  ֩  80 50  6
1 497  465  è 50 40  9
1 497  445  ๳è 50   40  9
1 250  250  ʳ˻  250 100 9
;;¸
1 250  250  ɭѩ0 250 5 10
1 250  250  0 250 5 10
1 250  250  սʿ0  250 5 10
1 250  250  è0  250 5 10
1 250  250  ๳è0 250 5 10



D12	318	405	¹		50	180	5
D12	273	363			70	240	5
D12	199	309	๳è		80	150	6
D12	199	309	è		80	150	6
D12	192	196			170	250	7
D12	210	101	սʿ	100	100	9
D12	100	45	ʬ2		60	30	10
D12	100	45	ʬ3		60	30	10
D12	100	45	ʬ4		60	30	10
D12	100	45	ʬ5		60	30	10
D12	72	141			100	100	9
D12	72	141	սʿ	100	100	9
D12	72	141	ս	100	40	9
D12	72	141		100	100	9
D12	102	342	๳è		80	150	6
D12	102	342	è		80	150	6

;
11 108  422  ɭѩ  50 30 7
11 108  422   50 10 7
11 108  422  սʿ  50 30 7
11 108  422  ʿ9  50 10 10
11 108  422  ͳ  50  4 60
11 147  211  ɭѩ  80 20 7
11 147  211  սʿ  80 30 7
11 147  211  ʿ9  80 10 10
11 147  211  ͳ  80  4 60
11 321  266  ɭѩ  80 30 7
11 321  266  սʿ  80 40 6
11 321  266  ʿ9  80 20 10
11 321  266  ͳ  80  6 60
11 348  132     100 10 6
11 348  132  սʿ  80 40 6
11 348  132  ʿ9  80 10 10
11 348  132  ͳ  80  4 60
11 348  132  ɭѩ  100 40 7
11 348  132 ѩ  100  2   120

11 380  270  è  80  1   120
11 380  270  è 90 10 7
11 100  450  ๳è 90 10 7
11 100  450  ๳è  80  1   120

11 147  211  ֩ 60 30 6
11 147  211  綾֩  60  3 30
11 147  211  ֩  60 10 30
11 321  266  ֩ 80 40 7
11 321  266  綾֩  80  4 30
11 348  132  ֩ 60 30 6
11 348  132  綾֩  60  3 30
11 45  380  ʳ˻   100 40 9
11 360  255  ֩  80 20 15
;;¸
11 321  266  ʿ  80  3 60
11 147  211  ʿ  80  3 60
11 348  132  ʿ  80  3 60
11 108  422  ɭѩ0  50  3 15
11 321  266  0   50  5 15
11 132  185  սʿ0  50  5 30
11 380  270  è0   50  5 15
11 100  450  ๳è0   50  5 15
11 360  255  ֩0  80  10 60
;11 184  317  ӥ 200 30 20
;11 184  317  ӥ0 200 1 30
;11 184  317  ӥ 200 1  240

;ɭԹ
12 100  60  ֩  100 80 8
12 100  60  ֩  100 50 10
12 100  60  ֩  100 20 10
12 290  160  ֩  100 80 8
12 290  160  ֩  100 50 10
12 290  160  ֩  100 20 10
12 50  300  ֩  100 80 8
12 50  300  ֩  100 50 10
12 50  300  ֩  100 20 10
12 80  220  ֩  100 80 8
12 80  220  ֩  100 50 10
12 80  220  ֩  100 20 10
12	160  210  ֩  100 80 8
12	160  210  ֩  100 50 10
12	160  210  ֩  100 20 10
12 190  330  ֩  100 80 8
12 190  330  ֩  100 50 10
12 190  330  ֩  100 20 10
12 288  328  綾֩  100 50 6
12	288  328  ֩  100 40 8
12	288  328  ֩  100 20 10
12	288  328  ֩  100 10 10
12 190  330  綾֩  250 100 6
;;¸
12 290  160  ֩0  50 20 30
12 100  60  ֩0  50 20 30
12 50  300  ֩0  50  10 30
12 50  300  ӥ 150  1 240

;
; 1
D001  200  200  Ы  200  100 8
D001  200  200    200  160 8
D001  200  200  սʿ 200  120 8
D001  200  200   200  70  8
D001  200  200  ɽ 200  30  8   100
D001  200  200  ɽ 200  45  8
;;¸
D001  200  200  սʿ0 200  10  10
D001  200  200  0 200  10  10

;1 1 
D001  190  125  Ы   30 14  8
D001  250  260     30 14  8
D001  250  90  ɽ  30 14  8
D001  30  30  ɽ  50 30 10

;1 2
D002  200  200   200  80  8
D002  200  200  սʿ 200  140 8
D002  200  200   200  80  8
D002  200  200  ս  200  100 8
D002  200  200    200  80  8
D002  200  200  ɽ 200  30  8   50
D002  200  200  ɽ 200  40  8
D002  300  230  ɽ 30  20  8
D002  200  200  þ  200  1  60
;;¸
D002  200  200  սʿ0 200  10  10
D002  200  200  0 200  10  10
D002  200  200  ս0  200  10  10
D002  200  200  0 200  10  10


;1 3
D003  200  200   200  80  8
D003  200  200  սʿ 200  120 8
D003  200  200   200  80  8
D003  200  200  ս  200  120 8
D003  200  200    200  100 8
D003  200  200  ɽ 200  30  8 50
D003  200  200  ɽ 200  40  8
D003  200  200  þ  200  2  60
;;¸
D003  200  200  սʿ0 200  10  10
D003  200  200  0 200  10  10
D003  200  200  ս0  200  10  10
D003  200  200  0 200  10  10
D003  200  200  ɽ0   200  10  10 


;2 1
D011  200  200    200  120 8
D011  200  200  սʿ 200  120 8
D011  200  200  Ы  200  100 8
D011  200  200  ɽ 200  30  8  100
D011  200  200  ɽ 200  45  8  100
D011  200  200   200  100 8
D011  200  200  þ  200  1  60
;;¸
D011  200  200  0 200  10  10
D011  200  200  սʿ0 200  10  10
D011  200  200  ɽ0   200  10  10


;2 2
D012  200  200    200  80  8
D012  200  200  սʿ 200  120 8
D012  200  200  ս  200  120 8
D012  200  200   200  100 8
D012  200  200  Ы  200  70  8
D012  200  200   200  50  8
D012  200  200  ɽ 200  30  8  100
D012  200  200  ɽ 200  40  8
D012  200  200  ɽ 200  10  8  100
D012  200  200  ɽ 200  10  8  100
D012  200  200  ɽ 200  10  8  100
D012  200  200  þ  200  2  60
;;¸
D012  200  200  0 200  10  10
D012  200  200  սʿ0 200  10  10
D012  200  200  ս0  200  10  10
D012  200  200  0 200  10  10
D012  200  200  ɽ0   200  10  10


;1  츶
;
;츶Ա
D021  50  44   ɽ 60  40  20
D021  50  44   ɽ 60  10  20  100
D021  50  44   ɽ 60  10  20  100
D021  50  44   ɽ 60  10  20  100
D021  50  44   ɽ 60  10  20  100
D021  50  44   ɽ 60  10  20  100
D021  50  44   ɽ 60  10  20  100
D021  50  44   ɽ 60  10  20  100
D021  50  44   ɽ 60  10  20  100
D021  50  44    60  30  20
D021  50  44   ɽ0   60  2  10

;츶 1 ̷
D022  250 250     250  120 9
D022  250 250  սʿ 250  140 9
D022  250 250  ʿ  250  90 9
D022  250 250  ս  250  90 9
D022  250 250   250  60 9
D022  200 200  ʿ  200  2 120
D022  250 250  ɽ 250  10 9  100
D022  250 250  ɽ 250  10 9  100
D022  250 250  ɽ 250  10 9  100
D022  250 250  ɽ 250  10 9  100
D022  250 250  ɽ 250  10 9  100
D022  250 250  ɽ 250  10 9  100
D022  250 250  ɽ 250  10 9  100
D022  250 250  ɽ 250  10 9  100
;;¸
D022  250 250  սʿ0   250  2  10
D022  250 250  ʿ0  250  2  10
D022  250 250  ս0  250  2  10 
D022  250 250  0 250  2  10
D022  250 250  ɽ0   250  2  10
D022  250 250  ɽ0   250  2  10


;츶 2 ̷
D023  200 200  սʿ  200  100   9
D023  200 200     200  60 9
D023  200 200  սʿ 200  80 9
D023  200 200  ʿ  200  120   9
D023  200 200  ս  200  120   9
D023  200 200   200  80 9
D023  200 200  ʿ  200  2 60
D023  200 200  ɽ 200  20 9  100
D023  200 200  ɽ 200  20 9  100
D023  200 200  ɽ 200  20 9  100
D023  200 200  ɽ 200  30 9
;;¸
D023  200 200  սʿ0 200  2 10
D023  200 200  սʿ0   200  2 10
D023  200 200  ʿ0  200  2 10
D023  200 200  ս0  200  2 10
D023  200 200  0  200  2 10
D023  200 200  ɽ0   200  2 10



;
D024  50  50     20   1  180
D024  50  50   ʿ  30   1  60
D024  40  40   ʿ  20   3  5	50
D024  40  40   ս  20   3  5	50
D024  40  40    20   3  5	50
D024  40  40   սʿ  20   5  5	50
D024  50  50   ʿ  20   7  5	50
D024  50  50   ս  20   7  5	50
D024  50  50    20   7  5	50
D024  50  50   սʿ  20   5  5	50
D024  60  60   ʿ  20   3  5	50
D024  60  60   ս  20   3  5	50
D024  60  60    20   3  5	50
D024  60  60   սʿ  20   5  5	50
D024  40  50   ʿ  20   3  5
D024  40  50   ս  20   3  5
D024  40  50    20   3  5
D024  40  50   սʿ  20   5  5
D024  50  40   ʿ  20   3  5
D024  50  40   ս  20   3  5
D024  50  40    20   3  5
D024  50  40   սʿ  20   5  5
D024  60  50   ʿ  20   3  5
D024  60  50   ս  20   3  5
D024  60  50    20   3  5
D024  60  50   սʿ  20   5  5
D024  50  60   ʿ  20   3  5
D024  50  60   ս  20   3  5
D024  50  60    20   3  5
D024  50  60   սʿ  20   5  5
D024  83  84   ʿ  7 5  5
D024  83  84   ս  7 5  5
D024  83  84    7 5  5
D024  83  84   սʿ  7 8  5
D024  20  21   ʿ  7 5  5
D024  20  21   ս  7 5  5
D024  20  21    7 5  5
D024  20  21   սʿ  7 8  5

;;¸
D024  42  49   սʿ0 30   2  10
D024  42  49   ʿ0  30   2  15
D024  42  49   ս0  30   2  15
D024  42  49   0 30   2  15


;2
2 250 250   220  300 6
2 320 130   100  65 6
2 250 250  ʳ˻ 200  40 6
2 100 250  ֩ 60   40 6
2 350 100  ֩ 50   40 6
2 260 200  ๳è 60   50 6
2 260 200   60   50 6
2 260 170  è  60   50 6
2 260 170   60   40 6
2 420 80   ֩ 50   40 7
2 448 362    60   80 6
2 400 180    120  80 6
2 250 280    120  80 5
2 250 250   220  50 5 50
2 140 250   80   40 5
2 300 330    100  90 6
2 400 130    100  65 6
2 300 400  ๳è 200  50 6
2 300 400  è  200  50 6
;;¸
2 300 400  0   200  1  10
2 300 400  ๳è0 200  1  10
2 300 400  è0  200  1  10
2 300 400  0  200  1  10
2 300 400  0 200  1  10


;(󱤻)

D401  100 100  ʬ2 100  75 10
D401  100 100  ʬ3 100  75 10
D401  100 100   100  45 10
;;¸
D401  100 100  ʬ20 100  2  10
D401  100 100  ʬ30 100  2  10

D402  100 100  ʬ2 100  75 8
D402  100 100  ʬ3 100  75 8
D402  100 100   100  45 8
;;¸
D402  100 100  ʬ20 100  2  20
D402  100 100  ʬ30 100  2  20

D403  100 100  ʬ2 100  75 8
D403  100 100  ʬ3 100  75 8
D403  100 100  ʬ5 100  45 8
;;¸
D403  100 100  ʬ20 100  2  20
D403  100 100  ʬ30 100  2  20
D403  100 100  ʬ50 100  2  20

D404  100 100  ʬ1 100  30 8
D404  100 100  ʬ3 100  75 8
D404  100 100  ʬ4 100  75 8
D404  100 100  ʬ  100  1  60
;;¸
D404  100 100  ʬ10 100  2  20
D404  100 100  ʬ30 100  2  20
D404  100 100  ʬ40 100  2  20

D405  100 100  ʬ1 100  15 8
D405  100 100  ʬ4 100  75 8
D405  100 100  ʬ5 100  90 8
D405  100 100  ʬ  100  1  60
;;¸
D405  100 100  ʬ10 100  2  20
D405  100 100  ʬ40 100  2  20
D405  100 100  ʬ50 100  2  20

D406  100 100  ʬ4 100  75 8
D406  100 100  ʬ1 100  30 8
D406  100 100  ʬ5 100  45 8
D406  100 100  ʬ2 100  30 8
D406  100 100  ʬ  100  1  60
;;¸
D406  100 100  ʬ40 100  2  20
D406  100 100  ʬ10 100  2  20
D406  100 100  ʬ50 100  2  20
D406  100 100  ʬ20 100  2  20

D411  50  50   ʬ2 50   40 9
D413  50  50   ʬ3 50   40 9
D412  50  50   ʬ4 50   40 9
D416  50  50   ʬ5 50   40 9
D415  50  50   ʬ5 50   40 9
;;¸
D411  50  50   ʬ20 50   2  15
D413  50  50   ʬ30 50   2  15
D412  50  50   ʬ40 50   2  15
D416  50  50   ʬ50 50   2  15
D415  50  50   ʬ50 50   2  15


; ()

D421  200 200  ʬ2 180  150 8
D421  200 200  ʬ3 180  150 8
D421  200 200  ʬ4 180  150 8
D421  100 100  ʬ  100  1  60
;;¸
D421  200 200  ʬ20 180  2  20
D421  200 200  ʬ30 180  2  20
D421  200 200  ʬ40 180  2  20


D422  200 200  ʬ1 180  75 8
D422  200 200  ʬ2 180  75 8
D422  200 200  ʬ4 180  150 8
D422  200 200  ʬ5 180  150 8
D422  100 100  ʬ  100  1  60
;;¸
D422  200 200  ʬ10 180  2  20
D422  200 200  ʬ20 180  2  20
D422  200 200  ʬ40 180  2  20
D422  200 200  ʬ50 180  2  20


;

3 380 410     60   100 6
3 380 290     60   100 6
3 160 250  ӥ 80   30 7
3 500 125  ӥ 40   10 7
3 150 230  ׳ 100  150 7
3 100 390  ɳ  50   40 7
3 320 150  ׳ 100  80 7
3 320 150  ɳ  30   20 7
3 416 200  ׳ 70   100 7
3 583 130  ׳ 70   100 7
3 500 140  ǳ 60   80 7
3 666 115  ǳ 60   100 7
3 500 140  Ͷǳ 500  10 30
3 790 100    50   50 6
3 880 70     50   50 6
3 880 370    100  100 6
3 666 660  ǳ 100  100 7
3 710 500  ׳ 120  100 7
3 710 625  ˼С  50   50 7
3 130 590    100  100 6
3 333 560    120  100 6
3 450 560    120  100 6
3 333 560    150  80 6
;;¸
3 500 140  ӥ0   500  1  10
3 500 140  ׳0   500  1  10
3 500 140  ǳ0   500  1  10
3 500 140  0  500  1  10
;3 330  325  ӥ 200 40 20
;3 330  325  ӥ0 200 1 30
;3 330  325  ӥ 200 1  240


;ָ

D501  200 200  Ш  100  20 8
D501  100 300  Ш  100  20 8
D501  300 100  Ш  100  20 8
D501  100 100  Ш  100  20 8
D501  300 300  Ш  100  20 8
D501  200 200  Ӭ  100  3  8
D501  100 300  Ӭ  100  3  8
D501  300 100  Ӭ  100  3  8
D501  100 100  Ӭ  100  3  8
D501  300 300  Ӭ  100  3  8
D501  200 200    100  20 8
D501  100 660    100  20 8
D501  660 100    100  20 8
D501  100 100    100  20 8
D501  660 660    100  20 8
;;¸
D501  200 200  0 200  6  10

D502  200 200    100  30 8
D502  100 300    100  30 8
D502  300 100    100  30 8
D502  100 100    100  30 8
D502  300 300    100  30 8
D502  200 200  Ӭ  100  3  8
D502  100 300  Ӭ  100  3  8
D502  300 100  Ӭ  100  3  8
D502  100 100  Ӭ  100  3  8
D502  300 300  Ӭ  100  3  8
D502  200 200  Ш  100  30 8
D502  100 300  Ш  100  30 8
D502  300 100  Ш  100  30 8
D502  100 100  Ш  100  30 8
D502  300 300  Ш  100  30 8
;;¸
D502  200 200  0 200  6  10

D503  200 200  Ӭ  100  3  8
D503  100 300  Ӭ  100  3  8
D503  300 100  Ӭ  100  3  8
D503  100 100  Ӭ  100  3  8
D503  300 300  Ӭ  100  3  8
D503  200 200  깭 100  16 8
D503  100 300  깭 100  16 8
D503  300 100  깭 100  16 8
D503  100 100  깭 100  16 8
D503  300 300  깭 100  16 8
D503  200 200    100  16 8
D503  100 300    100  16 8
D503  300 100    100  16 8
D503  100 100    100  16 8
D503  300 300    100  16 8
D503  200 200  ʿ  100  16 8
D503  100 300  ʿ  100  16 8
D503  300 100  ʿ  100  16 8
D503  100 100  ʿ  100  16 8
D503  300 300  ʿ  100  16 8
D503  200 200  Ш  100  16 8
D503  100 300  Ш  100  16 8
D503  300 100  Ш  100  16 8
D503  100 100  Ш  100  16 8
D503  300 300  Ш  100  16 8
D503  200 200    200  80 10
;;¸
D503  200 200  깭0   200  2  15
D503  200 200  ʿ0  200  2  15
D503  200 200  0  200  2  15
D503  200 200  0 200  2  10
D503  200 200  3  200  2  20
D503  200 200  ʿ3  200  2  20
D503  200 200  깭3   200  2  20

D504  200 200  깭 180  100 8
D504  200 200    180  100 8
D504  200 200  ʿ  180  100 8
D504  200 200  Ш  180  100 8
D504  200 200  Ӭ  100  3  8
D504  100 300  Ӭ  100  3  8
D504  300 100  Ӭ  100  3  8
D504  100 100  Ӭ  100  3  8
D504  300 300  Ӭ  100  3  8
D504  200 200    200  100 10
;;¸
D504  200 200  깭0   200  2  20
D504  200 200  ʿ0  200  2  20
D504  200 200  0  200  2  20
D504  200 200  0 200  2  10
D504  200 200  3  200  4  20
D504  200 200  ʿ3  200  4  20
D504  200 200  깭3   200  4  20

;;̺Ʈ 
D504  225 175  ʿ00 8   1  30	50
D504  225 175  ʿ  8   7  30	50
D504  225 175  Ш  8   8  30	50
D504  225 175  깭 8   8  30	50
D504  225 175  Ӭ  8   10 30	50
D504  225 175    8   8  30	50

D505  100 100  깭 100  100 10
D505  100 100    100  100 10
D505  100 100  ʿ  100  100 10
D505  100 100  Ш  100  100 10
D505  100 100  Ӭ  100  30 10
;;̺Ʈ
D505  100 100  3  100  3  20
D505  100 100  ʿ3  100  3  20
D505  100 100  깭3   100  3 20
;; 
D505  100 100  깭0   100  2  20
D505  100 100  ʿ0  100  2  20
D505  100 100  0  100  2  20

;;̺Ʈ 
D505  154 172  ʿ00 8   1  30	50
D505  154 172  ʿ  8   7  60	50
D505  154 172  Ш  8   8  60	50
D505  154 172  깭 8   8  60	50
D505  154 172  Ӭ  8   10 60	50
D505  154 172    8   8  60	50

D5061 11 13    2   1  3
D5061 11 13  깭 2   1  3
D5061 11 13  ʿ  2   1  3
D5061 11 13  Ш  2   2  5
D5061 11 13  Ӭ  2   1  5
D5061 37 13    2   1  3
D5061 37 13  깭 2   1  3
D5061 37 13  ʿ  2   1  3
D5061 37 13  Ш  2   2  5
D5061 37 13  Ӭ  2   1  5
D5061 63 13    2   1  3
D5061 63 13  ʿ  2   1  3
D5061 63 13  Ш  2   2  5
D5061 63 13  Ӭ  2   1  5
D5061 63 13  깭 2   1  3
D5061 88 14    2   1  3
D5061 88 14  ʿ  2   1  3
D5061 88 14  Ш  2   2  5
D5061 88 14  Ӭ  2   1  5
D5061 88 14  깭 2   1  3
D5061 11 41    2   1  3
D5061 11 41  ʿ  2   1  3
D5061 11 41  Ш  2   2  5
D5061 11 41  Ӭ  2   1  5
D5061 11 41  깭 2   1  3
D5061 37 41  ʿ  2   1  3
D5061 37 41    2   1  3
D5061 37 41  Ш  2   2  5
D5061 37 41  Ӭ  2   1  5
D5061 37 41  ʿ  2   1  3
D5061 63 41    2   1  3
D5061 63 41  Ш  2   2  5
D5061 63 41  Ӭ  2   1  5
D5061 63 41  깭 2   1  3
D5061 63 41  ʿ  2   1  3
D5061 89 41    2   1  3
D5061 89 41  ʿ  2   1  3
D5061 89 41  Ш  2   2  5
D5061 89 41  Ӭ  2   1  5
D5061 89 41  깭 2   1  3
D5061 12 74    2   1  3
D5061 12 74  ʿ  2   1  3
D5061 12 74  Ш  2   2  5
D5061 12 74  Ӭ  2   1  5
D5061 12 74  깭 2   1  3
D5061 37 73    2   1  3
D5061 37 73  ʿ  2   1  3
D5061 37 73  Ш  2   2  5
D5061 37 73  Ӭ  2   1  5
D5061 37 73  깭 2   1  3
D5061 63 73    2   1  3
D5061 63 73  ʿ  2   1  3
D5061 63 73  Ш  2   2  5
D5061 63 73  Ӭ  2   1  5
D5061 63 73  깭 2   1  3
D5061 87 73    2   1  3
D5061 87 73  ʿ  2   1  3
D5061 87 73  Ш  2   2  5
D5061 87 73  Ӭ  2   1  5
D5061 87 73  깭 2   1  3
;;¸
D5061 50 50  0  50  2  60
D5061 50 50  ʿ0  50  2  60
D5061 50 50  깭0   50  2  60

D5062 11 13    2   1  3
D5062 11 13  깭 2   1  3
D5062 11 13  ʿ  2   1  3
D5062 11 13  Ш  2   2  5
D5062 11 13  Ӭ  2   1  5
D5062 37 13    2   1  3
D5062 37 13  깭 2   1  3
D5062 37 13  ʿ  2   1  3
D5062 37 13  Ш  2   2  5
D5062 37 13  Ӭ  2   1  5
D5062 63 13    2   1  3
D5062 63 13  ʿ  2   1  3
D5062 63 13  Ш  2   2  5
D5062 63 13  Ӭ  2   1  5
D5062 63 13  깭 2   1  3
D5062 88 14    2   1  3
D5062 88 14  ʿ  2   1  3
D5062 88 14  Ш  2   2  5
D5062 88 14  Ӭ  2   1  5
D5062 88 14  깭 2   1  3
D5062 11 41    2   1  3
D5062 11 41  ʿ  2   1  3
D5062 11 41  Ш  2   2  5
D5062 11 41  Ӭ  2   1  5
D5062 11 41  깭 2   1  3
D5062 37 41  ʿ  2   1  3
D5062 37 41    2   1  3
D5062 37 41  Ш  2   2  5
D5062 37 41  Ӭ  2   1  5
D5062 37 41  ʿ  2   1  3
D5062 63 41  ʿ  2   1  3
D5062 63 41    2   1  3
D5062 63 41  Ш  2   2  5
D5062 63 41  Ӭ  2   1  5
D5062 63 41  깭 2   2  3
D5062 89 41    2   1  3
D5062 89 41  ʿ  2   1  3
D5062 89 41  Ш  2   2  5
D5062 89 41  Ӭ  2   1  5
D5062 89 41  깭 2   1  3
D5062 12 74    2   1  3
D5062 12 74  ʿ  2   1  3
D5062 12 74  Ш  2   2  5
D5062 12 74  Ӭ  2   1  5
D5062 12 74  깭 2   1  3
D5062 37 73    2   1  3
D5062 37 73  ʿ  2   1  3
D5062 37 73  Ш  2   2  5
D5062 37 73  Ӭ  2   1  5
D5062 37 73  깭 2   1  3
D5062 63 73    2   1  3
D5062 63 73  ʿ  2   1  3
D5062 63 73  Ш  2   2  5
D5062 63 73  Ӭ  2   1  5
D5062 63 73  깭 2   1  3
D5062 87 73    2   1  3
D5062 87 73  ʿ  2   1  3
D5062 87 73  Ш  2   2  5
D5062 87 73  Ӭ  2   1  5
D5062 87 73  깭 2   2  3
;;¸
D5062 50 50  0  50  2  60
D5062 50 50  ʿ0  50  2  60
D5062 50 50  깭0   50  2  60

D5063 11 13    2   1  3
D5063 11 13  깭 2   1  3
D5063 11 13  ʿ  2   1  3
D5063 11 13  Ш  2   2  5
D5063 11 13  Ӭ  2   1  5
D5063 37 13    2   1  3
D5063 37 13  깭 2   1  3
D5063 37 13  ʿ  2   1  3
D5063 37 13  Ш  2   2  5
D5063 37 13  Ӭ  2   1  5
D5063 63 13    2   1  3
D5063 63 13  ʿ  2   1  3
D5063 63 13  Ш  2   2  5
D5063 63 13  Ӭ  2   1  5
D5063 63 13  깭 2   1  3
D5063 88 14    2   1  3
D5063 88 14  ʿ  2   1  3
D5063 88 14  Ш  2   2  5
D5063 88 14  Ӭ  2   1  5
D5063 88 14  깭 2   1  3
D5063 11 41    2   1  3
D5063 11 41  ʿ  2   1  3
D5063 11 41  Ш  2   2  5
D5063 11 41  Ӭ  2   1  5
D5063 11 41  깭 2   1  3
D5063 37 41  ʿ  2   1  3
D5063 37 41    2   1  3
D5063 37 41  Ш  2   2  5
D5063 37 41  Ӭ  2   1  5
D5063 37 41  ʿ  2   1  3
D5063 63 41    2   1  3
D5063 63 41  Ш  2   2  5
D5063 63 41  Ӭ  2   1  5
D5063 63 41  깭 2   1  3
D5063 63 41  ʿ  2   1  3
D5063 89 41    2   1  3
D5063 89 41  ʿ  2   1  3
D5063 89 41  Ш  2   2  5
D5063 89 41  Ӭ  2   1  5
D5063 89 41  깭 2   1  3
D5063 12 74    2   1  3
D5063 12 74  ʿ  2   1  3
D5063 12 74  Ш  2   2  5
D5063 12 74  Ӭ  2   1  5
D5063 12 74  깭 2   1  3
D5063 37 73    2   1  3
D5063 37 73  ʿ  2   1  3
D5063 37 73  Ш  2   2  5
D5063 37 73  Ӭ  2   1  5
D5063 37 73  깭 2   1  3
D5063 63 73    2   1  3
D5063 63 73  ʿ  2   1  3
D5063 63 73  Ш  2   2  5
D5063 63 73  Ӭ  2   1  5
D5063 63 73  깭 2   1  3
D5063 87 73    2   1  3
D5063 87 73  ʿ  2   1  3
D5063 87 73  Ш  2   2  5
D5063 87 73  Ӭ  2   1  5
D5063 87 73  깭 2   1  3
;;¸
D5063 50 50  0  50  2  60
D5063 50 50  ʿ0  50  2  60
D5063 50 50  깭0   50  2  60

D5064 11 13    2   1  3
D5064 11 13  깭 2   1  3
D5064 11 13  ʿ  2   1  3
D5064 11 13  Ш  2   2  5
D5064 11 13  Ӭ  2   1  5
D5064 37 13    2   1  3
D5064 37 13  깭 2   1  3
D5064 37 13  ʿ  2   1  3
D5064 37 13  Ш  2   2  5
D5064 37 13  Ӭ  2   1  5
D5064 63 13    2   1  3
D5064 63 13  ʿ  2   1  3
D5064 63 13  Ш  2   2  5
D5064 63 13  Ӭ  2   1  5
D5064 63 13  깭 2   1  3
D5064 88 14    2   1  3
D5064 88 14  ʿ  2   1  3
D5064 88 14  Ш  2   2  5
D5064 88 14  Ӭ  2   1  5
D5064 88 14  깭 2   1  3
D5064 11 41    2   1  3
D5064 11 41  ʿ  2   1  3
D5064 11 41  Ш  2   2  5
D5064 11 41  Ӭ  2   1  5
D5064 11 41  깭 2   1  3
D5064 37 41  ʿ  2   1  3
D5064 37 41    2   1  3
D5064 37 41  Ш  2   2  5
D5064 37 41  Ӭ  2   1  5
D5064 37 41  ʿ  2   1  3
D5064 63 41    2   1  3
D5064 63 41  Ш  2   2  5
D5064 63 41  Ӭ  2   1  5
D5064 63 41  깭 2   1  3
D5064 63 41  ʿ  2   1  3
D5064 89 41    2   1  3
D5064 89 41  ʿ  2   1  3
D5064 89 41  Ш  2   2  5
D5064 89 41  Ӭ  2   1  5
D5064 89 41  깭 2   1  3
D5064 12 74    2   1  3
D5064 12 74  ʿ  2   1  3
D5064 12 74  Ш  2   2  5
D5064 12 74  Ӭ  2   1  5
D5064 12 74  깭 2   1  3
D5064 37 73    2   1  3
D5064 37 73  ʿ  2   1  3
D5064 37 73  Ш  2   2  5
D5064 37 73  Ӭ  2   1  5
D5064 37 73  깭 2   1  3
D5064 63 73    2   1  3
D5064 63 73  ʿ  2   1  3
D5064 63 73  Ш  2   2  5
D5064 63 73  Ӭ  2   1  5
D5064 63 73  깭 2   1  3
D5064 87 73    2   1  3
D5064 87 73  ʿ  2   1  3
D5064 87 73  Ш  2   2  5
D5064 87 73  Ӭ  2   1  5
D5064 87 73  깭 2   1  3
;;¸
D5064 50 50  0  50  2  60
D5064 50 50  ʿ0  50  2  60
D5064 50 50  깭0   50  2  60

D5065 11 13    2   1  3
D5065 11 13  깭 2   1  3
D5065 11 13  ʿ  2   1  3
D5065 11 13  Ш  2   2  5
D5065 11 13  Ӭ  2   1  5
D5065 37 13    2   1  3
D5065 37 13  깭 2   1  3
D5065 37 13  ʿ  2   1  3
D5065 37 13  Ш  2   2  5
D5065 37 13  Ӭ  2   1  5
D5065 63 13    2   1  3
D5065 63 13  ʿ  2   1  3
D5065 63 13  Ш  2   2  5
D5065 63 13  Ӭ  2   1  5
D5065 63 13  깭 2   1  3
D5065 88 14    2   1  3
D5065 88 14  ʿ  2   1  3
D5065 88 14  Ш  2   2  5
D5065 88 14  Ӭ  2   1  5
D5065 88 14  깭 2   1  3
D5065 11 41    2   1  3
D5065 11 41  ʿ  2   1  3
D5065 11 41  Ш  2   2  5
D5065 11 41  Ӭ  2   1  5
D5065 11 41  깭 2   1  3
D5065 37 41  ʿ  2   1  3
D5065 37 41    2   1  3
D5065 37 41  Ш  2   2  5
D5065 37 41  Ӭ  2   1  5
D5065 37 41  ʿ  2   1  3
;D5065 63 41    2   1  3
;D5065 63 41  Ш  2   2  5
;D5065 63 41  Ӭ  2   1  5
;D5065 63 41  깭 2   1  3
D5065 89 41    2   1  3
D5065 63 41  ʿ  2   1  3
D5065 89 41  ʿ  2   1  3
D5065 89 41  Ш  2   2  5
D5065 89 41  Ӭ  2   1  5
D5065 89 41  깭 2   1  3
D5065 12 74    2   1  3
D5065 12 74  ʿ  2   1  3
D5065 12 74  Ш  2   2  5
D5065 12 74  Ӭ  2   1  5
D5065 12 74  깭 2   1  3
D5065 37 73    2   1  3
D5065 37 73  ʿ  2   1  3
D5065 37 73  Ш  2   2  5
D5065 37 73  Ӭ  2   1  5
D5065 37 73  깭 2   1  3
D5065 63 73    2   1  3
D5065 63 73  ʿ  2   1  3
D5065 63 73  Ш  2   2  5
D5065 63 73  Ӭ  2   1  5
D5065 63 73  깭 2   1  3
D5065 87 73    2   1  3
D5065 87 73  ʿ  2   1  3
D5065 87 73  Ш  2   2  5
D5065 87 73  Ӭ  2   1  5
D5065 87 73  깭 2   1  3
;;¸
D5065 50 50  0  50  2  60
D5065 50 50  ʿ0  50  2  60
D5065 50 50  깭0   50  2  60

D5066 11 13    2   1  3
D5066 11 13  깭 2   1  3
D5066 11 13  ʿ  2   1  3
D5066 11 13  Ш  2   2  5
D5066 11 13  Ӭ  2   1  5
D5066 37 13    2   1  3
D5066 37 13  깭 2   1  3
D5066 37 13  ʿ  2   1  3
D5066 37 13  Ш  2   2  5
D5066 37 13  Ӭ  2   1  5
D5066 63 13    2   1  3
D5066 63 13  ʿ  2   1  3
D5066 63 13  Ш  2   2  5
D5066 63 13  Ӭ  2   1  5
D5066 63 13  깭 2   1  3
D5066 88 14    2   1  3
D5066 88 14  ʿ  2   1  3
D5066 88 14  Ш  2   2  5
D5066 88 14  Ӭ  2   1  5
D5066 88 14  깭 2   1  3
D5066 11 41    2   1  3
D5066 11 41  ʿ  2   1  3
D5066 11 41  Ш  2   2  5
D5066 11 41  Ӭ  2   1  5
D5066 11 41  깭 2   1  3
D5066 37 41  ʿ  2   1  3
D5066 37 41    2   1  3
D5066 37 41  Ш  2   2  5
D5066 37 41  Ӭ  2   1  5
D5066 37 41  ʿ  2   1  3
D5066 63 41    2   1  3
D5066 63 41  Ш  2   2  5
D5066 63 41  Ӭ  2   1  5
D5066 63 41  깭 2   1  3
D5066 89 41    2   1  3
D5066 63 41  ʿ  2   1  3
D5066 89 41  ʿ  2   1  3
D5066 89 41  Ш  2   2  5
D5066 89 41  Ӭ  2   1  5
D5066 89 41  깭 2   1  3
D5066 12 74    2   1  3
D5066 12 74  ʿ  2   1  3
D5066 12 74  Ш  2   2  5
D5066 12 74  Ӭ  2   1  5
D5066 12 74  깭 2   1  3
D5066 37 73    2   1  3
D5066 37 73  ʿ  2   1  3
D5066 37 73  Ш  2   2  5
D5066 37 73  Ӭ  2   1  5
D5066 37 73  깭 2   1  3
D5066 63 73    2   1  3
D5066 63 73  ʿ  2   1  3
D5066 63 73  Ш  2   2  5
D5066 63 73  Ӭ  2   1  5
D5066 63 73  깭 2   1  3
D5066 87 73    2   1  3
D5066 87 73  ʿ  2   1  3
D5066 87 73  Ш  2   2  5
D5066 87 73  Ӭ  2   1  5
D5066 87 73  깭 2   1  3
;;¸
D5066 50 50  0  50  2  60
D5066 50 50  ʿ0  50  2  60
D5066 50 50  깭0   50  2  60

D5067 11 13    2   1  3
D5067 11 13  깭 2   1  3
D5067 11 13  ʿ  2   1  3
D5067 11 13  Ш  2   2  5
D5067 11 13  Ӭ  2   1  5
D5067 37 13    2   1  3
D5067 37 13  깭 2   1  3
D5067 37 13  ʿ  2   1  3
D5067 37 13  Ш  2   2  5
D5067 37 13  Ӭ  2   1  5
D5067 63 13    2   1  3
D5067 63 13  ʿ  2   1  3
D5067 63 13  Ш  2   2  5
D5067 63 13  Ӭ  2   1  5
D5067 63 13  깭 2   1  3
D5067 88 14    2   1  3
D5067 88 14  ʿ  2   1  3
D5067 88 14  Ш  2   2  5
D5067 88 14  Ӭ  2   1  5
D5067 88 14  깭 2   1  3
D5067 11 41    2   1  3
D5067 11 41  ʿ  2   1  3
D5067 11 41  Ш  2   2  5
D5067 11 41  Ӭ  2   1  5
D5067 11 41  깭 2   1  3
D5067 37 41  ʿ  2   1  3
D5067 37 41    2   1  3
D5067 37 41  Ш  2   2  5
D5067 37 41  Ӭ  2   1  5
D5067 37 41  ʿ  2   1  3
D5067 63 41    2   1  3
D5067 63 41  Ш  2   2  5
D5067 63 41  Ӭ  2   1  5
D5067 63 41  깭 2   1  3
D5067 89 41    2   1  3
D5067 63 41  ʿ  2   1  3
D5067 89 41  ʿ  2   1  3
D5067 89 41  Ш  2   2  5
D5067 89 41  Ӭ  2   1  5
D5067 89 41  깭 2   1  3
D5067 12 74    2   1  3
D5067 12 74  ʿ  2   1  3
D5067 12 74  Ш  2   2  5
D5067 12 74  Ӭ  2   1  5
D5067 12 74  깭 2   1  3
D5067 37 73    2   1  3
D5067 37 73  ʿ  2   1  3
D5067 37 73  Ш  2   2  5
D5067 37 73  Ӭ  2   1  5
D5067 37 73  깭 2   1  3
D5067 63 73    2   1  3
D5067 63 73  ʿ  2   1  3
D5067 63 73  Ш  2   2  5
D5067 63 73  Ӭ  2   1  5
D5067 63 73  깭 2   1  3
D5067 87 73    2   1  3
D5067 87 73  ʿ  2   1  3
D5067 87 73  Ш  2   2  5
D5067 87 73  Ӭ  2   1  5
D5067 87 73  깭 2   1  3
;;¸
D5067 50 50  0  50  2  60
D5067 50 50  ʿ0  50  2  60
D5067 50 50  깭0   50  2  60

D5068 11 13    2   1  3
D5068 11 13  깭 2   1  3
D5068 11 13  ʿ  2   1  3
D5068 11 13  Ш  2   2  5
D5068 11 13  Ӭ  2   1  5
D5068 37 13    2   1  3
D5068 37 13  깭 2   1  3
D5068 37 13  ʿ  2   1  3
D5068 37 13  Ш  2   2  5
D5068 37 13  Ӭ  2   1  5
D5068 63 13    2   1  3
D5068 63 13  ʿ  2   1  3
D5068 63 13  Ш  2   2  5
D5068 63 13  Ӭ  2   1  5
D5068 63 13  깭 2   1  3
D5068 88 14    2   1  3
D5068 88 14  ʿ  2   1  3
D5068 88 14  Ш  2   2  5
D5068 88 14  Ӭ  2   1  5
D5068 88 14  깭 2   1  3
D5068 11 41    2   1  3
D5068 11 41  ʿ  2   1  3
D5068 11 41  Ш  2   2  5
D5068 11 41  Ӭ  2   1  5
D5068 11 41  깭 2   1  3
D5068 37 41  ʿ  2   1  3
D5068 37 41    2   1  3
D5068 37 41  Ш  2   2  5
D5068 37 41  Ӭ  2   1  5
D5068 37 41  ʿ  2   1  3
D5068 63 41    2   1  3
D5068 63 41  Ш  2   2  5
D5068 63 41  Ӭ  2   1  5
D5068 63 41  깭 2   1  3
D5068 89 41    2   1  3
D5068 63 41  ʿ  2   1  3
D5068 89 41  ʿ  2   1  3
D5068 89 41  Ш  2   2  5
D5068 89 41  Ӭ  2   1  5
D5068 89 41  깭 2   1  3
D5068 12 74    2   1  3
D5068 12 74  ʿ  2   1  3
D5068 12 74  Ш  2   2  5
D5068 12 74  Ӭ  2   1  5
D5068 12 74  깭 2   1  3
D5068 37 73    2   1  3
D5068 37 73  ʿ  2   1  3
D5068 37 73  Ш  2   2  5
D5068 37 73  Ӭ  2   1  5
D5068 37 73  깭 2   1  3
D5068 63 73    2   1  3
D5068 63 73  ʿ  2   1  3
D5068 63 73  Ш  2   2  5
D5068 63 73  Ӭ  2   1  5
D5068 63 73  깭 2   1  3
D5068 87 73    2   1  3
D5068 87 73  ʿ  2   1  3
D5068 87 73  Ш  2   2  5
D5068 87 73  Ӭ  2   1  5
D5068 87 73  깭 2   1  3
;;¸
D5068 50 50  0  50  2  60
D5068 50 50  ʿ0  50  2  60
D5068 50 50  깭0   50  2 60

D5069 11 13    2   1  3
D5069 11 13  깭 2   1  3
D5069 11 13  ʿ  2   1  3
D5069 11 13  Ш  2   2  5
D5069 11 13  Ӭ  2   1  5
D5069 37 13    2   1  3
D5069 37 13  깭 2   1  3
D5069 37 13  ʿ  2   1  3
D5069 37 13  Ш  2   2  5
D5069 37 13  Ӭ  2   1  5
D5069 63 13    2   1  3
D5069 63 13  ʿ  2   1  3
D5069 63 13  Ш  2   2  5
D5069 63 13  Ӭ  2   1  5
D5069 63 13  깭 2   1  3
D5069 88 14    2   1  3
D5069 88 14  ʿ  2   1  3
D5069 88 14  Ш  2   2  5
D5069 88 14  Ӭ  2   1  5
D5069 88 14  깭 2   1  3
D5069 11 41    2   1  3
D5069 11 41  ʿ  2   1  3
D5069 11 41  Ш  2   2  5
D5069 11 41  Ӭ  2   1  5
D5069 11 41  깭 2   1  3
D5069 37 41  ʿ  2   1  3
D5069 37 41    2   1  3
D5069 37 41  Ш  2   2  5
D5069 37 41  Ӭ  2   1  5
D5069 37 41  ʿ  2   1  3
D5069 63 41    2   1  3
D5069 63 41  Ш  2   2  5
D5069 63 41  Ӭ  2   1  5
D5069 63 41  깭 2   1  3
D5069 89 41    2   1  3
D5069 63 41  ʿ  2   1  3
D5069 89 41  ʿ  2   1  3
D5069 89 41  Ш  2   2  5
D5069 89 41  Ӭ  2   1  5
D5069 89 41  깭 2   1  3
D5069 12 74    2   1  3
D5069 12 74  ʿ  2   1  3
D5069 12 74  Ш  2   2  5
D5069 12 74  Ӭ  2   1  5
D5069 12 74  깭 2   1  3
D5069 37 73    2   1  3
D5069 37 73  ʿ  2   1  3
D5069 37 73  Ш  2   2  5
D5069 37 73  Ӭ  2   1  5
D5069 37 73  깭 2   1  3
D5069 63 73    2   1  3
D5069 63 73  ʿ  2   1  3
D5069 63 73  Ш  2   2  5
D5069 63 73  Ӭ  2   1  5
D5069 63 73  깭 2   1  3
D5069 87 73    2   1  3
D5069 87 73  ʿ  2   1  3
D5069 87 73  Ш  2   2  5
D5069 87 73  Ӭ  2   1  5
D5069 87 73  깭 2   1  3
;;¸
D5069 50 50  0  50  2  60
D5069 50 50  ʿ0  50  2  60
D5069 50 50  깭0   50  2  60


D5072 50 50    50  45 8
D5072 50 50  ʿ  50  45 8
D5072 50 50  깭 50  45 8
D5072 50 50  Ш  50  45 8
D5072 50 50  Ӭ  50  5 8
;;̺Ʈ 
D5072 50 50  3  50  10 60
D5072 50 50  ʿ3  50  10 60
D5072 50 50  깭3   50  10 60
;; 
D5072 50 50  0  50  2 60
D5072 50 50  ʿ0  50  2 60
D5072 50 50  깭0   50  2 60

D5073 50 50    50  45 8
D5073 50 50  ʿ  50  45 8
D5073 50 50  깭			 50  45 8
D5073 50 50  Ш 	 50  45 8
D5073 50 50  Ӭ  50  5 8
;;̺Ʈ
D5073 50 50  3  50  10 60
D5073 50 50  ʿ3  50  10 60
D5073 50 50  깭3   50  10 60
;; 
D5073 50 50  0  50  2  60
D5073 50 50  ʿ0  50  2  60
D5073 50 50  깭0   50  2 60

D5074 50 50    50  45 8
D5074 50 50  ʿ  50  45 8
D5074 50 50  깭 50  45 8
D5074 50 50  Ш 50  45 8
D5074 50 50  Ӭ  50  5 8
D5074 73 22    7   5  11
D5074 73 22  ʿ  7   5  11
D5074 73 22  깭 7   5  11
D5074 73 22  Ш  7   5  11
D5074 73 22  Ӭ  7   3  11
;;̺Ʈ
D5074 50 50  3  50  10 60
D5074 50 50  ʿ3  50  10 60
D5074 50 50  깭3   50  10 60
;;¸
D5074 50 50  0  50  2  30
D5074 50 50  ʿ0  50  2  30
D5074 50 50  깭0   50  2  30

D515  22  20   Ӭ  20   2  16
D515  19  24    0 1  180

; ()

D601  40  27     50   25 6
D601  18  166    50   25 6
D601  161 208    50   25 6
D601  84  104    50   25 6
D601  187 36     50   25 6
D601  144 73     50   25 6
D601  100 100    100  10 10 50
D601  100 100    100  10 10 50
D601  40  27     50   25 6
D601  18  166    50   25 6
D601  161 208    50   25 6
D601  84  104   50   25 6
D601  187 36    50   25 6
D601  144 73    50   25 6
D601  40  27   ɫ  50   5  6
D601  18  166  ɫ  50   5  6
D601  161 208  ɫ  50   5  6
D601  84  104  ɫ  50   5  6
D601  187 36   ɫ  50   5  6
D601  144 73   ɫ  50   5  6
;;¸
D601  100 100  0 100  2  10
D601  100 100  0 100  2  10
D601  100 100  0   100  2  10
D601  100 100  ɫ0 100  2  10


D602  60  47     60   18 6
D602  101 101    60   18 6
D602  78  167    60   18 6
D602  144 151    60   18 6
D602  178 43     60   18 6
D602  100 100    100  10 10 50
D602  100 100    100  10 10 50
D602  60  47   ǯ  60   14 6
D602  101 101  ǯ  60   14 6
D602  78  167  ǯ  60   14 6
D602  144 151  ǯ  60   14 6
D602  178 43   ǯ  60   14 6
D602  100 100  ǯ  100  10 10 50
D602  100 100  ǯ  100  10 10 50
D602  60  47   ɫ  60   8  6
D602  101 101  ɫ  60   8  6
D602  78  167  ɫ  60   8  6
D602  144 151  ɫ  60   8  6
D602  178 43   ɫ  60   8  6
;;¸
D602  100 100  0 100   2  10
D602  100 100  ǯ0  100   2  10
D602  100 100  ɫ0 100   2  10


D603  76  94   ɫ  60   10 7
D603  60  150  ɫ  60   10 7
D603  159 59   ɫ  60   10 7
D603  138 161  ɫ  60   10 7
D603  76  94   ǯ  60   20 7
D603  60  150  ǯ  60   20 7
D603  159 59   ǯ  60   20 7
D603  138 161  ǯ  60   20 7
D603  76  94     60   20 7
D603  60  150    60   20 7
D603  159 59     60   20 7
D603  138 161    60   20 7
D603  100 100    100  10 10 50
D603  100 100    100  10 10 50
D603  100 100  ǯ  100  10 10 50
D603  100 100  ǯ  100  10 10 50
D603  100 100  аǯ 100  1  90
;;¸
D603  100 100  ɫ0 100   2  20
D603  100 100  ǯ0  100   2  20
D603  100 100  0 100   2  20

D604  35  42   ɫ  60   15 7
D604  52  130  ɫ  60   15 7
D604  148 50   ɫ  60   15 7
D604  118 112  ɫ  60   15 7
D604  35  42     60   15 7
D604  52  130    60   15 7
D604  148 50     60   15 7
D604  118 112    60   15 7
D604  35  42   ǯ  60   20 7
D604  52  130  ǯ  60   20 7
D604  148 50   ǯ  60   20 7
D604  118 112  ǯ  60   20 7
D604  35  42     60   20 7
D604  52  130    60   20 7
D604  148 50     60   20 7
D604  118 112    60   20 7
D604  100 100  ǯ  100  10 10 50
D604  100 100  ǯ  100  10 10 50
D604  100 100    100  10 10 50
D604  100 100    100  10 10 50
D604  100 100  аǯ 100  1  90
;;¸
D604  100 100  ɫ0 100   2  20
D604  100 100  0 100   2  20
D604  100 100  ǯ0  100   2  20
D604  100 100  0 100   2 20


D605  55  27   ɫ  50   12 7
D605  89  81   ɫ  50   12 7
D605  51  131  ɫ  50   12 7
D605  126 37   ɫ  50   12 7
D605  162 92   ɫ  50   12 7
D605  55  27    50   8  7
D605  89  81    50   8  7
D605  51  131   50   8  7
D605  126 37    50   8  7
D605  162 92    50   8  7
D605  55  27   ǯ  50   12 7
D605  89  81   ǯ  50   12 7
D605  51  131  ǯ  50   12 7
D605  126 37   ǯ  50   12 7
D605  162 92   ǯ  50   12 7
D605  55  27     50   12 7
D605  89  81     50   12 7
D605  51  131    50   12 7
D605  126 37     50   12 7
D605  162 92     50   12 7
D605  100 100  ǯ  100  10 10 50
D605  100 100  ǯ  100  10 10 50
D605  100 100    100  10 10 50
D605  100 100    100  10 10 50
D605  100 100  аǯ 100  1  90
;;¸
D605  100 100  ɫ0 100   2  20
D605  100 100  0   100   2  20
D605  100 100  ǯ0  100   2  20
D605  100 100  0 100   2  20
0111  9  13   ʦ  1  1  1

D606  19  39   ɫ  70   20 7
D606  97  81   ɫ  70   20 7
D606  57  166  ɫ  70   20 7
D606  178 127  ɫ  70   20 7
D606  19  39     70   8  7
D606  97  81     70   8  7
D606  57  166    70   8  7
D606  178 127    70   8  7
D606  19  39    70   8  7
D606  97  81    70   8  7
D606  57  166   70   8  7
D606  178 127   70   8  7
D606  19  39   ǯ  70   20 7
D606  97  81   ǯ  70   20 7
D606  57  166  ǯ  70   20 7
D606  178 127  ǯ  70   20 7
D606  100 100  ǯ  100  10 10 50
D606  100 100  ǯ  100  10 10 50
D606  100 100    100  80 7
D606  100 100    100  10 10 50
D606  100 100    100  10 10 50
D606  100 100  аǯ 100  2 90
;;¸
D606  100 100  0 50   2  20
D606  100 100  0 50   2  20
D606  100 100  0   50   2  20
D606  100 100  ǯ0  50   2  20

;;idx 97 monster
D606  83  168     40  1  60
D606  77  170   6  3  5  40

;;  Ȯ ͵
;D612
D612  70  76   ɫ  70   20 7
D612  210 72   ɫ  70   20 7
D612  79  220  ɫ  70   20 7
D612  200 213  ɫ  70   20 7
D612  70  76     70   10 7
D612  210 72     70   10 7
D612  79  220    70   10 7
D612  200 213    70   10 7
D612  70  76     70   10 7
D612  70  76    70   20 7
D612  210 72    70   20 7
D612  79  220   70   20 7
D612  200 213   70   20 7
D612  70  76   ǯ  70   20 7
D612  210 72   ǯ  70   20 7
D612  79  220  ǯ  70   20 7
D612  200 213  ǯ  70   20 7

D612  150 134  ǯ  70   20 7
D612  19  39   ǯ  70   20 7
D612  97  81   ǯ  70   20 7
D612  57  166  ǯ  70   20 7
D612  178 127  ǯ  70   20 7
D612  150 150  ǯ  100  10 10 
D612  150 150  ǯ  100  10 10
D612  150 150    100  10 10 
D612  150 150    100  10 10 
D612  150 150  аǯ 150  1  60
D612  150 150  аǯ2 150  1  30

;;¸
D618  150 150  0 100   2  20
D618  150 150  0 100   2  20
D618  150 150  0   100   2  20
D618  150 150  ǯ0  100   2  20
D618  150 150  ɫ0 100   2  20


;D613
D613  19  17   ǯ  50 5 7
D613  41  23   ǯ  50   10 7
D613  52  33   ǯ  50   10 7
D613  64  47   ǯ  50 5 7
D613  79  54   ǯ  50   10 7
D613  77  74   ǯ  50   10 7
D613  53  76   ǯ  50 5 7
D613  44  59   ǯ  50   10 7
D613  28  62   ǯ  50   10 7
D613  18  56   ǯ  50 5 7
D613  50  50   ɫ 70   10 7
D613  50  50    70   10 7
D613  50  50    70   20 7
D613  50  50      70   10 7
D613  50  50   0   70   2  20
D613  50  50   0   70   2  20
D613  50  50   0  70   2  20
D613  50  50   ǯ0 70   2  20
D613  50  50   ɫ0   70   2  20
D613  50  50   аǯ2   70   2  15

;D614
D614  67  79 ɫ  50 5 7
D614  53  71 ɫ  50   10 7
D614  23  82 ɫ  50   10 7
D614  27  62 ɫ  50 5 7
D614  18  29 ɫ  50   10 7
D614  42  22 ɫ  50   10 7
D614  60  20 ɫ  50 5 7
D614  77  32 ɫ  50   10 7
D614  60  48 ɫ  50   10 7
D614  87  24 ɫ  50 5 7
D614  50  50   ǯ   70   15 7
D614  50  50     70   15 7
D614  50  50     70   20 7
D614  50  50    70   15 7
D614  50  50   0  70   2  20
D614  50  50   0  70   2  20
D614  50  50   0 70   2  20
D614  50  50   ǯ0  70   2  20
D614  50  50   ɫ0  70   2 20
D614  50  50   аǯ2   70   2   15

;D615
D615  82 78      50 5 7
D615  81 54      50   10 7
D615  79 30      50   10 7
D615  60 22      50 5 7
D615  44 16      50   10 7
D615  16 58      50 5 7
D615  17 81      50   10 7
D615  51 55      50   10 7
D615  49 81      50 5 7
D615  50  50   ɫ  70   15 7
D615  50  50     70   15 7
D615  50  50     70   15 7
D615  50  50   ǯ   70   20 7
D615  50  50   0  70   2  20
D615  50  50   0  70   2  20
D615  50  50   0 70   2  20
D615  50  50   ǯ0  70   2  20
D615  50  50   ɫ0  70   2  20
D615  50  50   аǯ2   70   2   15

;D616
D616  20 21    50   10 7
D616  23 38    50 5 7
D616  25 62    50 5 7
D616  11 71    50   10 7
D616  62 66    50 5 7
D616  59 27    50 5 7
D616  77 85    50   10 7
D616  83 55    50 5 7
D616  73 44    50 5 7
D616  82 21    50   10 7
D616  50  50   ɫ  70   15 7
D616  50  50    70   15 7
D616  50  50     70   15 7
D616  50  50   ǯ   70   20 7
D616  50  50   0  70   2  20
D616  50  50   0  70   2  20
D616  50  50   0 70   2  20
D616  50  50   ǯ0  70   2  20
D616  50  50   ɫ0  70   2  20
D616  50  50   аǯ2   70   2   15

;D617
D617  51  45     50   15 7
D617  28  35     50   10 7
D617  20  66     50   15 7
D617  45  81     50   10 7
D617  69  84     50   15 7
D617  69  61     50   10 7
D617  83  42     50   15 7
D617  80  17     50   10 7
D617  87  72     50   15 7
D617  82  21     50   10 7
D617  50  50   ɫ  70   15 7
D617  50  50    70   15 7
D617  50  50     70   15 7
D617  50  50   ǯ   70   20 7
D617  50  50   0  70   2  20
D617  50  50   0  70   2  20
D617  50  50   0 70   2  20
D617  50  50   ǯ0  70   2  20
D617  50  50   ɫ0  70   2  20
D613  50  50   аǯ2   70   2   15

;D618 
D618  19  39   ɫ  70   20 7
D618  97  81   ɫ  70   20 7
D618  57  166  ɫ  70   20 7
D618  178 127  ɫ  70   20 7
D618  19  39     70   8  7
D618  97  81     70   8  7
D618  57  166    70   8  7
D618  178 127    70   8  7
D618  19  39    70   8  7
D618  97  81    70   8  7
D618  57  166   70   8  7
D618  178 127   70   8  7
D618  19  39   ǯ  70   30 7
D618  97  81   ǯ  70   30 7
D618  57  166  ǯ  70   30 7
D618  178 127  ǯ  70   30 7
D618  100 100  ǯ  100  10 10 
D618  100 100  ǯ  100  10 10
D618  100 100    100  40 7
D618  100 100    100  10 10 
D618  100 100    100  10 10 
D618  100 100  аǯ 100  2  30
D618  100 100  аǯ2 100  2  15

;;¸
D618  100 100  0 70   2  20
D618  100 100  0 70   2  20
D618  100 100  0   70   2  20
D618  100 100  ǯ0  70   2  20
D618  100 100  ɫ0 70   2  20


;ϼ(ϼ ϴ )
D701  100 100  ʬ5 100  20 10


;;1
D711  251 41   Ұ  30   7 10
D711  321 72   Ұ  30   7 10
D711  363 146  Ұ  30   7 10
D711  172 59   Ұ  30   7 10
D711  210 93   Ұ  30   7 10
D711  262 140  Ұ  30   7 10
D711  309 19   Ұ  30   7 10
D711  350 303  Ұ  30   7 10
D711  111 105  Ұ  30   7 10
D711  158 149  Ұ  30   7 10
D711  200 200  Ұ  30   7 10
D711  255 306  Ұ  30   7 10
D711  287 286  Ұ  30   7 10
D711  56  158  Ұ  30   7 10
D711  153 237  Ұ  30   7 10
D711  112 250  Ұ  30   7 10
D711  114 314  Ұ  30   7 10
D711  304 340  Ұ  30   7 10
D711  251 41   Ұ  30   5 10
D711  321 72   Ұ  30   5 10
D711  363 146  Ұ  30   5 10
D711  172 59   Ұ  30   5 10
D711  210 93   Ұ  30   5 10
D711  262 140  Ұ  30   5 10
D711  309 19   Ұ  30   5 10
D711  350 303  Ұ  30   5 10
D711  111 105  Ұ  30   5 10
D711  158 149  Ұ  30   5 10
D711  200 200  Ұ  30   5 10
D711  255 306  Ұ  30   5 10
D711  287 286  Ұ  30   5 10
D711  56  158  Ұ  30   5 10
D711  153 237  Ұ  30   5 10
D711  112 250  Ұ  30   5 10
D711  114 314  Ұ  30   5 10
D711  304 340  Ұ  30   5 10
D711  251 41   ɫ  30   8 10
D711  321 72   ɫ  30   8 10
D711  363 146  ɫ  30   8 10
D711  172 59   ɫ  30   8 10
D711  210 93   ɫ  30   8 10
D711  262 140  ɫ  30   8 10
D711  309 19   ɫ  30   8 10
D711  350 303  ɫ  30   8 10
D711  111 105  ɫ  30   8 10
D711  158 149  ɫ  30   8 10
D711  200 200  ɫ  30   8 10
D711  255 306  ɫ  30   8 10
D711  287 286  ɫ  30   8 10
D711  56  158  ɫ  30   8 10
D711  153 237  ɫ  30   8 10
D711  112 250  ɫ  30   8 10
D711  114 314  ɫ  30   8 10
D711  304 340  ɫ  30   8 10
D711  200 200  Ш  200  25 10
;;¸
D711  200 200  Ұ0 200  2  30
D711  200 200  Ұ0 200  2  30
D711  200 200  ɫ0 200  2 30

;;2
D712  251 41   Ұ  30   7 10
D712  321 72   Ұ  30   7 10
D712  363 146  Ұ  30   7 10
D712  172 59   Ұ  30   7 10
D712  210 93   Ұ  30   7 10
D712  262 140  Ұ  30   7 10
D712  309 19   Ұ  30   7 10
D712  350 303  Ұ  30   7 10
D712  111 105  Ұ  30   7 10
D712  158 149  Ұ  30   7 10
D712  200 200  Ұ  30   7 10
D712  255 306  Ұ  30   7 10
D712  287 286  Ұ  30   7 10
D712  56  158  Ұ  30   7 10
D712  153 237  Ұ  30   7 10
D712  112 250  Ұ  30   7 10
D712  114 314  Ұ  30   7 10
D712  304 340  Ұ  30   7 10
D712  251 41   Ұ  30   5 10
D712  321 72   Ұ  30   5 10
D712  363 146  Ұ  30   5 10
D712  172 59   Ұ  30   5 10
D712  210 93   Ұ  30   5 10
D712  262 140  Ұ  30   5 10
D712  309 19   Ұ  30   5 10
D712  350 303  Ұ  30   5 10
D712  111 105  Ұ  30   5 10
D712  158 149  Ұ  30   5 10
D712  200 200  Ұ  30   5 10
D712  255 306  Ұ  30   5 10
D712  287 286  Ұ  30   5 10
D712  56  158  Ұ  30   5 10
D712  153 237  Ұ  30   5 10
D712  112 250  Ұ  30   5 10
D712  114 314  Ұ  30   5 10
D712  304 340  Ұ  30   5 10
D712  100 100  Ұ  100  3  5 50
D712  300 100  Ұ  100  3  5 50
D712  100 300  Ұ  100  3  5 50
D712  300 300  Ұ  100  3  5 50
D712  251 41   ɫ  30   5 10
D712  321 72   ɫ  30   5 10
D712  363 146  ɫ  30   5 10
D712  172 59   ɫ  30   5 10
D712  210 93   ɫ  30   5 10
D712  262 140  ɫ  30   5 10
D712  309 19   ɫ  30   5 10
D712  350 303  ɫ  30   5 10
D712  111 105  ɫ  30   5 10
D712  158 149  ɫ  30   5 10
D712  200 200  ɫ  30   5 10
D712  255 306  ɫ  30   5 10
D712  287 286  ɫ  30   5 10
D712  56  158  ɫ  30   5 10
D712  153 237  ɫ  30   5 10
D712  112 250  ɫ  30   5 10
D712  114 314  ɫ  30   5 10
D712  304 340  ɫ  30   5 10
D712  200 200  Ш  200  35 10
;;¸
D712  200 200  Ұ0 200  2  30
D712  200 200  Ұ0 200  2  30
D712  200 200  ɫ0 200  2  30

;;3
D713  251 41   Ұ  30   7  10
D713  321 72   Ұ  30   7  10
D713  363 146  Ұ  30   7  10
D713  172 59   Ұ  30   7  10
D713  210 93   Ұ  30   7  10
D713  262 140  Ұ  30   7  10
D713  309 19   Ұ  30   7  10
D713  350 303  Ұ  30   7  10
D713  111 105  Ұ  30   7  10
D713  158 149  Ұ  30   7  10
D713  200 200  Ұ  30   7  10
D713  255 306  Ұ  30   7  10
D713  287 286  Ұ  30   7  10
D713  56  158  Ұ  30   7  10
D713  153 237  Ұ  30   7  10
D713  112 250  Ұ  30   7  10
D713  114 314  Ұ  30   7  10
D713  304 340  Ұ  30   7  10
D713  251 41   Ұ  30   5  10
D713  321 72   Ұ  30   5  10
D713  363 146  Ұ  30   5  10
D713  172 59   Ұ  30   5  10
D713  210 93   Ұ  30   5  10
D713  262 140  Ұ  30   5  10
D713  309 19   Ұ  30   5  10
D713  350 303  Ұ  30   5  10
D713  111 105  Ұ  30   5  10
D713  158 149  Ұ  30   5  10
D713  200 200  Ұ  30   5  10
D713  255 306  Ұ  30   5  10
D713  287 286  Ұ  30   5  10
D713  56  158  Ұ  30   5  10
D713  153 237  Ұ  30   5  10
D713  112 250  Ұ  30   5  10
D713  114 314  Ұ  30   5  10
D713  304 340  Ұ  30   5  10
D713  100 100  Ұ  100  3  5 50
D713  300 100  Ұ  100  3  5 50
D713  100 300  Ұ  100  3  5 50
D713  300 300  Ұ  100  3  5 50
D713  251 41   ɫ  30   5  10
D713  321 72   ɫ  30   5  10
D713  363 146  ɫ  30   5  10
D713  172 59   ɫ  30   5  10
D713  210 93   ɫ  30   5  10
D713  262 140  ɫ  30   5  10
D713  309 19   ɫ  30   5  10
D713  350 303  ɫ  30   5  10
D713  111 105  ɫ  30   5  10
D713  158 149  ɫ  30   5  10
D713  200 200  ɫ  30   5  10
D713  255 306  ɫ  30   5  10
D713  287 286  ɫ  30   5  10
D713  56  158  ɫ  30   5  10
D713  153 237  ɫ  30   5  10
D713  112 250  ɫ  30   5  10
D713  114 314  ɫ  30   5  10
D713  304 340  ɫ  30   5  10
D713  200 200  Ш  200  45  10
D713  100 100  ɫ  100  5  5 50
D713  300 100  ɫ  100  5  5 50
D713  100 300  ɫ  100  5  5 50
D713  300 300  ɫ  100  5  5 50
D713  200 200  Ӭ  200  20  10
D713  200 200  Ы 200  40  10
;;¸
D713  200 200  Ұ0 200  2  30
D713  200 200  Ұ0 200  2  30
D713  200 200  ɫ0 200  2  30
D713  200 200  Ы0   200  2  30
;;̺Ʈ
D713  200 200  Ұ3 200  10 15
D713  200 200  Ұ3 200  10 15
D713  200 200  Ы3   200  10 15


;;4
D714  251 41   Ұ  30   7  10
D714  321 72   Ұ  30   7  10
D714  363 146  Ұ  30   7  10
D714  172 59   Ұ  30   7  10
D714  210 93   Ұ  30   7  10
D714  262 140  Ұ  30   7  10
D714  309 19   Ұ  30   7  10
D714  350 303  Ұ  30   7  10
D714  111 105  Ұ  30   7  10
D714  158 149  Ұ  30   7  10
D714  200 200  Ұ  30   7  10
D714  255 306  Ұ  30   7  10
D714  287 286  Ұ  30   7  10
D714  56  158  Ұ  30   7  10
D714  153 237  Ұ  30   7  10
D714  112 250  Ұ  30   7  10
D714  114 314  Ұ  30   7  10
D714  304 340  Ұ  30   7  10
D714  251 41   Ұ  30   5  10
D714  321 72   Ұ  30   5  10
D714  363 146  Ұ  30   5  10
D714  172 59   Ұ  30   5  10
D714  210 93   Ұ  30   5  10
D714  262 140  Ұ  30   5  10
D714  309 19   Ұ  30   5  10
D714  350 303  Ұ  30   5  10
D714  111 105  Ұ  30   5  10
D714  158 149  Ұ  30   5  10
D714  200 200  Ұ  30   5  10
D714  255 306  Ұ  30   5  10
D714  287 286  Ұ  30   5  10
D714  56  158  Ұ  30   5  10
D714  153 237  Ұ  30   5  10
D714  112 250  Ұ  30   5  10
D714  114 314  Ұ  30   5  10
D714  304 340  Ұ  30   5  10
D714  100 100  Ұ  100  3  5 50
D714  300 100  Ұ  100  3  5 50
D714  100 300  Ұ  100  3  5 50
D714  300 300  Ұ  100  3  5 50
D714  251 41   ɫ  30   5  10
D714  321 72   ɫ  30   5  10
D714  363 146  ɫ  30   5  10
D714  172 59   ɫ  30   5  10
D714  210 93   ɫ  30   5  10
D714  262 140  ɫ  30   5  10
D714  309 19   ɫ  30   5  10
D714  350 303  ɫ  30   5  10
D714  111 105  ɫ  30   5  10
D714  158 149  ɫ  30   5  10
D714  200 200  ɫ  30   5  10
D714  255 306  ɫ  30   5  10
D714  287 286  ɫ  30   5  10
D714  56  158  ɫ  30   5  10
D714  153 237  ɫ  30   5  10
D714  112 250  ɫ  30   5  10
D714  114 314  ɫ  30   5  10
D714  304 340  ɫ  30   5  10
D714  100 100  Ы 100  3  5 50
D714  300 100  Ы 100  3  5 50
D714  100 300  Ы 100  3  5 50
D714  300 300  Ы 100  3  5 50
D714  200 200  Ы 200  50 10
D714  200 200  Ш  200  55 10
D714  200 200  Ұ  200  3  120
D714  200 200  Ӭ  200  20 10
;;¸
D714  200 200  Ұ0 200  2  15
D714  200 200  Ұ0 200  2  15
D714  200 200  ɫ0 200  2  15
D714  200 200  Ы0   200  2  15
;;̺Ʈ
D714  200 200  Ұ3 200  15 30
D714  200 200  Ұ3 200  15 30
D714  200 200  Ы3   200  15 30


;;5
D715  200 200  Ұ  200  100 10
D715  200 200  Ш  200  100 10
D715  200 200  Ы 200  100 10
D715  200 200  Ұ  200  100 10
D715  200 200  ɫ  200  100 10
D715  200 200  Ұ  200  1  120
D715  200 200  Ӭ  200  30  10
;;¸
D715  200 200  Ұ0 200  2  30
D715  200 200  Ұ0 200  2  30
D715  200 200  ɫ0 200  2  30
D715  200 200  Ы0   200  2  30
;;̺Ʈ
D715  200 200  Ұ3 200  20  15
D715  200 200  Ұ3 200  20  15
D715  200 200  Ы3   200  20  15


;;6̷
D71601 25  25   Ұ  25   7  10
D71601 25  25   Ұ  25   7  10
D71601 25  25   Ш  25   10 10
D71601 25  25   Ы 25   7  10
D71601 25  25   ɫ  25   10 10
D71601 25  25   Ӭ  25   3  10
;;¸
D71601 25  25  Ұ0  25   2  120
;;̺Ʈ
D71601 25  25  Ұ3  25   1  30
D71601 25  25  Ұ3  25   1  30
D71601 25  25  Ы3 25   1  30


D71602 25  25   Ұ  25   7  10
D71602 25  25   Ұ  25   7  10
D71602 25  25   Ш  25   10 10
D71602 25  25   Ы 25   7  10
D71602 25  25   ɫ  25   10 10
D71602 25  25   Ӭ  25   3  10
;;¸
D71602 25  25  Ұ0  25   2  120
;;̺Ʈ
D71602 25  25  Ұ3  25   1  30
D71602 25  25  Ұ3  25   1  30
D71602 25  25  Ы3 25   1  30


D71603 25  25   Ұ  25   7  10
D71603 25  25   Ұ  25   7  10
D71603 25  25   Ш  25   10 10
D71603 25  25   Ы 25   7  10
D71603 25  25   ɫ  25   10 10
D71603 25  25   Ӭ  25   3  10
;;¸
D71603 25  25  ɫ0  25   2  120
;;̺Ʈ
D71603 25  25  Ұ3  25   1  30
D71603 25  25  Ұ3  25   1  30
D71603 25  25  Ы3 25   1  30


D71604 25  25   Ұ  25   7  10
D71604 25  25   Ұ  25   7  10
D71604 25  25   Ш  25   10 10
D71604 25  25   Ы 25   7  10
D71604 25  25   ɫ  25   10 10
D71604 25  25   Ӭ  25   3  10
;;¸
D71604 25  25  Ы0 25   2  120
;;̺Ʈ
D71604 25 25  Ұ3  25 1  30
D71604 25 25  Ұ3  25 1  30
D71604 25 25  Ы3 25 1  30


D71605 25  25   Ұ  25   7  10
D71605 25  25   Ұ  25   7  10
D71605 25  25   Ш  25   10 10
D71605 25  25   Ы 25   7  10
D71605 25  25   ɫ  25   10 10
D71605 25  25   Ӭ  25   3  10
;;¸
D71605 25  25  Ұ0  25   2  120
;;̺Ʈ
D71605 25 25  Ұ3  25 1  30
D71605 25 25  Ұ3  25 1  30
D71605 25 25  Ы3 25 1  30

D71606 25  25   Ұ  25   7  10
D71606 25  25   Ұ  25   7  10
D71606 25  25   Ш  25   10 10
D71606 25  25   Ы 25   7  10
D71606 25  25   ɫ  25   10 10
D71606 25  25   Ӭ  25   3  10
;;¸
D71606 25  25  Ұ0  25   2  120
;;̺Ʈ
D71606 25 25  Ұ3  25 1  30
D71606 25 25  Ұ3  25 1  30
D71606 25 25  Ы3 25 1  30

D71607 25  25   Ұ  25   7  10
D71607 25  25   Ұ  25   7  10
D71607 25  25   Ш  25   10 10
D71607 25  25   Ы 25   7  10
D71607 25  25   ɫ  25   10 10
D71607 25  25   Ӭ  25   3  10
;;¸
D71607 25  25  ɫ0  25   2  120
;;̺Ʈ
D71607 25 25  Ұ3  25 1  30
D71607 25 25  Ұ3  25 1  30
D71607 25 25  Ы3 25 1  30

D71608 25  25   Ұ  25   7  10
D71608 25  25   Ұ  25   7  10
D71608 25  25   Ш  25   10 10
D71608 25  25   Ы 25   7  10
D71608 25  25   ɫ  25   10 10
D71608 25  25   Ӭ  25   3  10
;;¸
D71608 25  25  Ы0 25   2  120
;;̺Ʈ
D71608 25 25  Ұ3  25 1  30
D71608 25 25  Ұ3  25 1  30
D71608 25 25  Ы3 25 1  30

D71609 25  25   Ұ  25   7  10
D71609 25  25   Ұ  25   7  10
D71609 25  25   Ш  25   10 10
D71609 25  25   Ы 25   7  10
D71609 25  25   ɫ  25   10 10
D71609 25  25   Ӭ  25   3  10
;;¸
D71609 25  25  Ұ0  25   2  120
;;̺Ʈ
D71609 25 25  Ұ3  25 1  30
D71609 25 25  Ұ3  25 1  30
D71609 25 25  Ы3 25 1  30

D71610 25  25   Ұ  25   7  10
D71610 25  25   Ұ  25   7  10
D71610 25  25   Ш  25   10 10
D71610 25  25   Ы 25   7  10
D71610 25  25   ɫ  25   10 10
D71610 25  25   Ӭ  25   3  10
;;¸
D71610 25  25  Ұ0  25   2  120
;;̺Ʈ
D71610 25 25  Ұ3  25 1  30
D71610 25 25  Ұ3  25 1  30
D71610 25 25  Ы3 25 1  30

D71611 25  25   Ұ  25   7  10
D71611 25  25   Ұ  25   7  10
D71611 25  25   Ш  25   10 10
D71611 25  25   Ы 25   7  10
D71611 25  25   ɫ  25   10 10
D71611 25  25   Ӭ  25   3  10
;;¸
D71611 25  25  ɫ0  25   2  120
;;̺Ʈ
D71611 25 25  Ұ3  25 1  30
D71611 25 25  Ұ3  25 1  30
D71611 25 25  Ы3 25 1  30

D71612 25  25   Ұ  25   7  10
D71612 25  25   Ұ  25   7  10
D71612 25  25   Ш  25   10 10
D71612 25  25   Ы 25   7  10
D71612 25  25   ɫ  25   10 10
D71612 25  25   Ӭ  25   3  10
;;¸
D71612 25  25  Ы0 25   2  120
;;̺Ʈ
D71612 25 25  Ұ3  25 1  30
D71612 25 25  Ұ3  25 1  30
D71612 25 25  Ы3 25 1  30

D71613 25  25   Ұ  25   7  10
D71613 25  25   Ұ  25   7  10
D71613 25  25   Ш  25   10 10
D71613 25  25   Ы 25   7  10
D71613 25  25   ɫ  25   10 10
D71613 25  25   Ӭ  25   3  10
;;¸
D71613 25  25  Ұ0  25   2  120
;;̺Ʈ
D71613 25 25  Ұ3  25 1  30
D71613 25 25  Ұ3  25 1  30
D71613 25 25  Ы3 25 1  30

D71614 25  25   Ұ  25   7  10
D71614 25  25   Ұ  25   7  10
D71614 25  25   Ш  25   10 10
D71614 25  25   Ы 25   7  10
D71614 25  25   ɫ  25   10 10
D71614 25  25   Ӭ  25   3  10
;;¸
D71614 25  25  Ұ0  25   2  120
;;̺Ʈ
D71614 25 25  Ұ3  25 1  30
D71614 25 25  Ұ3  25 1  30
D71614 25 25  Ы3 25 1  30

D71615 25  25   Ұ  25   7  10
D71615 25  25   Ұ  25   7  10
D71615 25  25   Ш  25   10 10
D71615 25  25   Ы 25   7  10
D71615 25  25   ɫ  25   10 10
D71615 25  25   Ӭ  25   3  10
;;¸
D71615 25  25  ɫ0  25   2  120
;;̺Ʈ
D71615 25 25  Ұ3  25 1  30
D71615 25 25  Ұ3  25 1  30
D71615 25 25  Ы3 25 1  30

D71616 25  25   Ұ  25   7  10
D71616 25  25   Ұ  25   7  10
D71616 25  25   Ш  25   10 10
D71616 25  25   Ы 25   7  10
D71616 25  25   ɫ  25   10 10
D71616 25  25   Ӭ  25   3  10
;;¸
D71616 25  25  Ы0 25   2  120
;;̺Ʈ
D71616 25 25  Ұ3  25 1  30
D71616 25 25  Ұ3  25 1  30
D71616 25 25  Ы3 25 1  30

D71617 25  25   Ұ  25   7  10
D71617 25  25   Ұ  25   7  10
D71617 25  25   Ш  25   10 10
D71617 25  25   Ы 25   7  10
D71617 25  25   ɫ  25   10 10
D71617 25  25   Ӭ  25   3  10
;;¸
D71617 25  25  Ұ0  25   2  120
;;̺Ʈ
D71617 25 25  Ұ3  25 1  30
D71617 25 25  Ұ3  25 1  30
D71617 25 25  Ы3 25 1  30

D71618 25  25   Ұ  25   7  10
D71618 25  25   Ұ  25   7  10
D71618 25  25   Ш  25   10 10
D71618 25  25   Ы 25   7  10
D71618 25  25   ɫ  25   10 10
D71618 25  25   Ӭ  25   3  10
;;¸
D71618 25  25  Ұ0  25   2  120
;;̺Ʈ
D71618 25 25  Ұ3  25 1  30
D71618 25 25  Ұ3  25 1  30
D71618 25 25  Ы3 25 1  30

D71619 25  25   Ұ  25   7  10
D71619 25  25   Ұ  25   7  10
D71619 25  25   Ш  25   10 10
D71619 25  25   Ы 25   7  10
D71619 25  25   ɫ  25   10 10
D71619 25  25   Ӭ  25   3  10
;;¸
D71619 25  25  ɫ0  25   2  120
;;̺Ʈ
D71619 25 25  Ұ3  25 1  30
D71619 25 25  Ұ3  25 1  30
D71619 25 25  Ы3 25 1  30

D71620 25  25   Ұ  25   7  10
D71620 25  25   Ұ  25   7  10
D71620 25  25   Ш  25   10 10
D71620 25  25   Ы 25   7  10
D71620 25  25   ɫ  25   10 10
D71620 25  25   Ӭ  25   3  10
;;¸
D71620 25  25  Ы0 25   2  120
;;̺Ʈ
D71620 25 25  Ұ3  25 1  30
D71620 25 25  Ұ3  25 1  30
D71620 25 25  Ы3 25 1  30

D71621 25  25   Ұ  25   7  10
D71621 25  25   Ұ  25   7  10
D71621 25  25   Ш  25   10 10
D71621 25  25   Ы 25   7  10
D71621 25  25   ɫ  25   10 10
D71621 25  25   Ӭ  25   3  10
;;¸
D71621 25  25  Ұ0  25   2  120
;;̺Ʈ
D71621 25 25  Ұ3  25 1  30
D71621 25 25  Ұ3  25 1  30
D71621 25 25  Ы3 25 1  30

D71622 25  25   Ұ  25   7  10
D71622 25  25   Ұ  25   7  10
D71622 25  25   Ш  25   10 10
D71622 25  25   Ы 25   7  10
D71622 25  25   ɫ  25   10 10
D71622 25  25   Ӭ  25   3  10
;;¸
D71622 25  25  Ұ0  25   2  120
;;̺Ʈ
D71622 25 25  Ұ3  25 1  30
D71622 25 25  Ұ3  25 1  30
D71622 25 25  Ы3 25 1  30

D71623 25  25   Ұ  25   7  10
D71623 25  25   Ұ  25   7  10
D71623 25  25   Ш  25   10 10
D71623 25  25   Ы 25   7  10
D71623 25  25   ɫ  25   10 10
D71623 25  25   Ӭ  25   3  10
;;¸
D71623 25  25  ɫ0  25   2  120
;;̺Ʈ
D71623 25 25  Ұ3  25 1  30
D71623 25 25  Ұ3  25 1  30
D71623 25 25  Ы3 25 1  30

D71624 25  25   Ұ  25   7  10
D71624 25  25   Ұ  25   7  10
D71624 25  25   Ш  25   10 10
D71624 25  25   Ы 25   7  10
D71624 25  25   ɫ  25   10 10
D71624 25  25   Ӭ  25   3  10
;;¸
D71624 25  25  Ы0 25   2  120
;;̺Ʈ
D71624 25 25  Ұ3  25 1  30
D71624 25 25  Ұ3  25 1  30
D71624 25 25  Ы3 25 1  30

D71625 25  25   Ұ  25   7  10
D71625 25  25   Ұ  25   7  10
D71625 25  25   Ш  25   10 10
D71625 25  25   Ы 25   7  10
D71625 25  25   ɫ  25   10 10
D71625 25  25   Ӭ  25   3  10
;;¸
D71625 25  25  Ұ0  25   2  120
;;̺Ʈ
D71625 25 25  Ұ3  25 1  30
D71625 25 25  Ұ3  25 1  30
D71625 25 25  Ы3 25 1  30


;;6
D716  25  25   Ұ  25   5  10
D716  25  25   Ұ  25   5  10
D716  25  25   Ш  25   8  10
D716  25  25   Ы 25   5  10
D716  25  25   ɫ  25   8  10
D716  25  25   Ӭ  25   2  10
;;¸
D716  25  25  Ұ0  25   2  120

;;7
D717  100 100  ɫ  100  100 10
D717  100 100  Ш  100  150 10
D717  100 100  Ұ0 100  28  120
D717  100 100  Ұ  100  2  120
D717  100 100  Ұ  100  2  240
D717  100 100  а 100  2  120
D717  100 100  Ӭ  100  10  10

;;1
E701		50	 50		 ʬ1				50		 45			 23
E701		50	 50		 ʬ2				50		 40			 23
E701		50	 50		 ʬ3				50		 40			 23
E701		50	 50		 ʬ4				50		 40			 23
E701		50	 50		 ʬ5				50		 40			 23
;; 
E701		50	 50		 ʬ10			 	50		 2				30
E701		50	 50		 ʬ30				50		 2				30
E701		50	 50		 ʬ50				50		 2				30

;2
E702		50	 50		 ʬ1				50		 25				23
E702		50	 50		 ʬ2				50		 15				23
E702		50	 50		 ʬ3				50		 15				23
E702		50	 50		 ʬ4				50		 15				23
E702		50	 50		 ʬ5				50		 15				23
E702		50	 50		 Ш 		50		 15				23
E702		50	 50		 Ұ 				50		 15				23
E702		50	 50		 Ұ 				50		 15				23
E702		50	 50		 ɫ 				50		 15				23
E702		50	 50		 Ӭ			50		 2				23
E702		50	 50		 Ы				50		 10				23
;; 
E702		50	 50		 ʬ10				50		 2				30
E702		50	 50		 ʬ40				50		 2				30
E702		50	 50		 ʬ50				50		 2				30
E702		50	 50		 Ұ0 		50		 2			30
E702		50	 50		 Ы0			50		 2				30

;3
E703		50	 50		 Ш 		50		 25				23
E703		50	 50		 Ұ   		50		 25				23
E703		50	 50		 Ұ   		50		 25				23
E703		50	 50		 ɫ   		50		 25				23
E703		50	 50		 Ӭ 		50		 2				23
E703		50	 50		 Ы  		50		 25				23
;;¸
E703		50	 50		 Ұ0   		50		 2				30
E703		50	 50		 Ы0  		50		 2				30

;;˴ ڿ 

;;1
E001  50  50    50  15  23
E001  50  50  սʿ  50  25  23
E001  50  50    50  15  23
E001  50  50  ս   50  25  23
E001  50  50    50  20  23
E001  50  50  ɽ 50  15  23 50
;;¸
E001  50  50  սʿ0 50  2  60
E001  50  50  ս0  50  2  60

;;2
E002  50  50    50  15  23
E002  50  50  սʿ  50  25  23
E002  50  50    50  15  23
E002  50  50  ս   50  25  23
E002  50  50    50  20  23
E002  50  50  ɽ 50  15  23 50
;;¸
E002  50  50  սʿ0 50  2  60
E002  50  50  ս0  50  2  60

;;˴  

E401  50  50    50  15  23
E401  50  50  սʿ  50  25  23
E401  50  50    50  15  23
E401  50  50  ս   50  25  23
E401  50  50    50  20  23
E401  50  50  ɽ 50  15  23 50
;;¸
E401  50  50  սʿ0 50  2  30
E401  50  50  ս0  50  2  30

E402  50  50    50  10  23
E402  50  50  սʿ  50  15  23
E402  50  50    50  10  23
E402  50  50  ս   50  15  23
E402  50  50    50  15  23
E402  50  50  ɽ 50  10  23 50
E402  50  50  ʬ1  50  10  23			 50
E402  50  50  ʬ2  50  8  23
E402  50  50  ʬ3  50  8  23
E402  50  50  ʬ4  50  8  23
E402  50  50  ʬ5  50  8  23
;;¸
E402  50  50  ս0  50  2  30
E402  50  50  ʬ10 50  2  30

E403  50  50    50  4  23
E403  50  50  սʿ  50  10  23
E403  50  50    50  4  23
E403  50  50  ս   50  10  23
E403  50  50    50  6  23
E403  50  50  ɽ 50  4  23 50
E403  50  50  ʬ1  50  15  23			 50
E403  50  50  ʬ2  50  10  23
E403  50  50  ʬ3  50  10  23
E403  50  50  ʬ4  50  10  23
E403  50  50  ʬ5  50  10  23
;;¸
E403  50  50  ս0  50  2  30
E403  50  50  ʬ10 50  2  30

E404  50  50  ʬ1  50  20  23			 50
E404  50  50  ʬ2  50  15  23
E404  50  50  ʬ3  50  15  23
E404  50  50  ʬ4  50  15  23
E404  50  50  ʬ5  50  15  23
;;¸
E404  50  50  ʬ20 50  2  30
E404  50  50  ʬ10 50  2  30


;; 

E601		75	 75		 ʬ1				75		 50 			23
E601		75	 75		 ʬ2				75		 40			 23
E601		75	 75		 ʬ3				75		 40			 23
E601		75	 75		 ʬ4				75		 40	 		 23
E601		75	 75		 ʬ5				75		 40	 		 23
;; 
E601		75	 75		 ʬ10			 	75		 2				30
E601		75	 75		 ʬ20			 	75		 2				30
E601		75	 75		 ʬ30				75		 2				30
E601		75	 75		 ʬ20			 	75		 2				30
E601		75	 75		 ʬ50				75		 2				30

E602		75	 75		 ʬ1				75		 40 			23
E602		75	 75		 ʬ2				75		 35 		 23
E602		75	 75		 ʬ3				75		 35 		 23
E602		75	 75		 ʬ4				75		 35 		 23
E602		75	 75		 ʬ5				75		 35 		 23
E602		75	 75		  				75		 35 		 23
E602		75	 75		 ɫ 				75		 35 		 23
E602		75	 75		  				75		 35 		 23
E602		75	 75		 ǯ			75		 35 		 23
;; 
E602		75	 75		 ʬ10			 	75		 2				30
E602		75	 75		 ʬ20			 	75		 2				30
E602		75	 75		 0 			75		 2			 30
E602		75	 75		 0 				75		 2			 30
E602		75	 75		 ǯ0		75		 2			 30

E603		100	 100		 ʬ1				100		 40 	 		23
E603		100	 100		 ʬ2				100		 30 	 	 23
E603		100	 100		 ʬ3				100		 30 	 	 23
E603		100	 100		 ʬ4				100		 30 	 	 23
E603		100	 100		 ʬ5				100		 30 	 		 23
E603		100	 100		  				100		 30 			 23
E603		100	 100		 ɫ 				100		 40 			 23
E603		100	 100		  				100		 40 			 23
E603		100	 100		 ǯ			100		 40 			 23
;; 
E603		100	 100		 ʬ10			 	100		 2				30
E603		100	 100		 ʬ20			 	100		 2				30
E603		100	 100		 0 			100		 2			 30
E603		100	 100		 0 				100		 2			 30
E603  100 100   ɫ0  100  2  60
E603		100	 100		 ǯ0		100		 2			 30

E604		75	 75		 ʬ1				75		 30 	 	23
E604		75	 75		 ʬ2				75		 20			 23
E604		75	 75		 ʬ3				75		 20			 23
E604		75	 75		 ʬ4				75		 20			 23
E604		75	 75		 ʬ5				75		 20			 23
E604		75	 75		  				75		 40 		 23
E604		75	 75		 ɫ 				75		 40 		 23
E604		75	 75		  				75		 40 		 23
E604		75	 75		 ǯ			75		 40 		 23
;; 
E604		75	 75		 ʬ10			 	75		 2				30
E604		75	 75		 ʬ20			 	75		 2				30
E604		75	 75		 0 			75		 2			 30
E604		75	 75		 0 				75		 2			 30
E604		75	 75		 ǯ0		75		 2			30

E605		50	 50		  				50		 40 		 23
E605		50	 50		 ɫ 				50		 40 		 23
E605		50	 50		  				50		 40 		 23
E605		50	 50		 ǯ			50		 40 		 23
;; 
E605		50	 50		 0 			50		 2			 30
E605		50	 50		 0 				50		 2			 30
E605		50	 50		 ɫ0 				50		 2			 30
E605		50	 50		 ǯ0		50		2			 30

;;Ǵ

M001	 200	 200	 ¹1			 200   3  50
M001 200 200 ¹  200   1  90
M001	 200	 200	 1	 200   6  50
M001	 200	 200	  	 200   1  90
M001	 200	 200	 Ͷǳ1 200   12 50
M001	 200	 200	 Ͷǳ 200   1  180
M001	 200	 200	 ʿ1	 200   12 50
M001	 200	 200	 ʿ 	 200   1  90
M001	 200	 200	 þ1	 200   24 50
M001	 200	 200	 þ 	 200   1  90
M001	 200	 200	 ʬ1			 200   24 50
M001	 200	 200	 ʬ 			 200   1  90
M001	 200	 200	 ʿ1	 200   48 50
M001	 200	 200	 ʿ 	 200   1  90
M001	 200	 200	 аǯ1 200   48 50
M001	 200	 200	 аǯ 200   1  90
M001	 200	 200	 Ұ1			 200   100 50
M001	 200	 200	 Ұ 			 200   1  90
M001	 200	 200	 а1		 200   200 50
M001	 200	 200	 а 		 200   1  90
M001	 200	 200	 1	 200   400 50
M001	 200	 200	  	 200   1  180

;;ʬ
Q004  15  15  ʬ2  5 28 60
Q004  15  15  ʬ  5 4 60


;;л Ʈ
Q011  75  75  ʿ2  75   50 30

Q012  18  18  ʿ2  6 3  30
Q012  34  18  ʿ2  6 3  30
Q012  50  18  ʿ2  6 3  30
Q012  50  34  ʿ2  6 3  30
Q012  50  50  ʿ2  6 3  30
Q012  34  50  ʿ2  6 3  30
Q012  18  50  ʿ2  6 3  30
Q012  18  34  ʿ2  6 3  30

Q013  18  18  ʿ2  6 3  30
Q013  34  18  ʿ2  6 3  30
Q013  50  18  ʿ2  6 3  30
Q013  50  34  ʿ2  6 3  30
Q013  50  50  ʿ2  6 3  30
Q013  34  50  ʿ2  6 3  30
Q013  18  50  ʿ2  6 3  30
Q013  18  34  ʿ2  6 3  30

Q014  18  18  ʿ2  6 3  30
Q014  34  18  ʿ2  6 3  30
Q014  50  18  ʿ2  6 3  30
Q014  50  34  ʿ2  6 3  30
Q014  50  50  ʿ2  6 3  30
Q014  34  50  ʿ2  6 3  30
Q014  18  50  ʿ2  6 3  30
Q014  18  34  ʿ2  6 3  30

Q015  75  75  ʿ2  75   50 20


;ͼ
;ͼ  x   y   name   뾶    ʱ䣨֣  %



;ͼ
;ͼ  x   y   name   뾶    ʱ䣨֣  %

;;d10011
D10011 262  342  ħ֩  150 20 10
D10011 262  342  ֩  150 20 8
D10011 262  342  ֩  150 10 10
D10011 262  342  ֩  150 10 10
D10011 262  342  ֩  150 20 10

D10011 165  323  ħ֩  100 20 10
D10011 165  323  ֩  100 10 8
D10011 165  323  ֩  100  5 10
D10011 165  323  ֩  100  5 10
D10011 165  323  ֩  100 10 10

D10011 135  69  ħ֩  100 15 10
D10011 135  69  ֩  100 10 8
D10011 135  69  ֩  100  5 10
D10011 135  16  ֩  100  5 10
D10011 135  69  ֩  100 10 10

D10011  40  151  ħ֩  200 50 10
D10011  40  151  ֩  200 30 8
D10011  40  151  ֩  200 20 10
D10011  40  151  ֩  200 20 10
D10011  40  151  ֩  200 30 10

D10011 223  106  ħ֩  150 25 10
D10011 223  106  ֩  150 15 8
D10011 223  106  ֩  150 10 10
D10011 223  106  ֩  150 10 10
D10011 223  106  ֩  150 15 10
 ;;¸
D10011 223  106  ֩0 200  5 10
D10011 223  106  ֩0 200  5 10
D10011 223  106  ֩0 200  5 10
D10011 223  106  ħ֩0 200  5 10
D10011 223  106  ֩0 200  5 10


;;d10012
D10012 134  172  ħ֩  200 80 10
D10012 134  172  ֩  200 45 8
D10012 134  172  ֩  200 30 10
D10012 134  172  ֩  200 30 10
D10012 134  172  ֩  200 45 10

D10012  74  236  ħ֩  100 25 10
D10012  74  236  ֩  100 15 8
D10012  74  236  ֩  100 10 10
D10012  74  236  ֩  100 10 10
D10012  74  236  ֩  100 15 10

D10012 206  89  ħ֩  100 30 10
D10012 206  89  ֩  100 20 8
D10012 206  89  ֩  100 10 10
D10012 206  89  ֩  100 10 10
D10012 206  89  ֩  100 20 10
;;¸
D10012 134  172  ֩0 200  5 10
D10012 134  172  ֩0 200  5 10
D10012 134  172  ֩0 200  5 10
D10012 134  172  ħ֩0 200  5 10
D10012 134  172  ֩0 200  5 10

;;d10013
D10013 140  175  ħ֩  200 80 10
D10013 140  175  ֩  200 45 8
D10013 140  175  ֩  200 30 10
D10013 140  175  ֩  200 30 10
D10013 140  175  ֩  200 45 10

D10013 134  146  ħ֩  100 25 10
D10013 134  146  ֩  100 15 8
D10013 134  146  ֩  100 10 10
D10013 134  146  ֩  100 10 10
D10013 134  146  ֩  100 15 10

D10013 213  215  ħ֩  100 30 10
D10013 213  215  ֩  100 20 8
D10013 213  215  ֩  100 10 10
D10013 213  215  ֩  100 10 10
D10013 213  215  ֩  100 20 10
;;¸
D10013 140  175  ֩0 200  5 10
D10013 140  175  ֩0 200  5 10
D10013 140  175  ֩0 200  5 10
D10013 140  175  ħ֩0 200  5 10
D10013 140  175  ֩0 200  5 10


D1002  161  161  ħ֩  200 80 10
D1002  161  161  ֩  200 60 8
D1002  161  161  ֩  200 30 10
D1002  161  161  ֩  200 30 10
D1002  161  161  ֩  200 15 12
D1002  161  161  ֩  200 50 10

D1002  125  165  ħ֩  150 30 10
D1002  125  165  ֩  150 25 8
D1002  125  165  ֩  150 10 10
D1002  125  165  ֩  150 20 10
D1002  125  165  ֩  150  5 12
D1002  125  165  ֩  150 25 10

D1002  241  100  ħ֩  150 30 10
D1002  241  100  ֩  150 25 8
D1002  241  100  ֩  150 10 10
D1002  241  100  ֩  150 20 10
D1002  241  100  ֩  150  5 12
D1002  241  100  ֩  150 25 10

D1002  133  58  ħ֩  150 30 10
D1002  133  58  ֩  150 25 8
D1002  133  58  ֩  150 10 10
D1002  133  58  ֩  150 20 10
D1002  133  58  ֩  150  5 12
D1002  133  58  ֩  150 25 10

D1002  166  227  ħ֩  150 30 10
D1002  166  227  ֩  150 25 8
D1002  166  227  ֩  150 10 10
D1002  166  227  ֩  150 20 10
D1002  166  227  ֩  150  5 12
D1002  166  227  ֩  150 25 10
;;¸
D1002  161  161  ֩0 200  5   15
D1002  161  161  ֩0 200  5   15
D1002  161  161  ֩0 200  5   15
D1002  161  161  ֩0 200  5   15
D1002  161  161  ħ֩0 200  5   15
D1002  161  161  ֩0 200  5   15
D1002  161  161  Ӱ֩  200  2   30


;;d10031
D10031 128  91  ħ֩  200 80 10
D10031 128  91  ֩  200 50 8
D10031 128  91  ֩  200 40 10
D10031 128  91  ֩  200 40 10
D10031 128  91  ֩  200 10 12
D10031 128  91  ֩  200 40 10

D10031 242  152  ħ֩  150 30 10
D10031 242  152  ֩  150 30 8
D10031 242  152  ֩  150 20 10
D10031 242  152  ֩  150 20 10
D10031 242  152  ֩  150  5 12
D10031 242  152  ֩  150 20 10


D10031  66  208  ħ֩  150 30 10
D10031  66  208  ֩  150 30 8
D10031  66  208  ֩  150 20 10
D10031  66  208  ֩  150 20 10
D10031  66  208  ֩  150  5 12
D10031  66  208  ֩  150 20 10

;;¸
D10031 128  91  ֩0 200  5 10
D10031 128  91  ֩0 200  5 10
D10031 128  91  ֩0 200  5 10
D10031 128  91  ֩0 200  5 15
D10031 128  91  ħ֩0 200  5 10
D10031 128  91  ֩0 200  5 10
D10031 128  91  Ӱ֩  200  2 30


;;d10032
D10032 155  93  ħ֩  200 80 10
D10032 155  93  ֩  200 50 8
D10032 155  93  ֩  200 40 10
D10032 155  93  ֩  200 40 10
D10032 155  93  ֩  200 10 12
D10032 155  93  ֩  200 40 10


D10032 227  208  ħ֩  150 30 10
D10032 227  208  ֩  150 30 8
D10032 227  208  ֩  150 20 10
D10032 227  208  ֩  150 20 10
D10032 227  208  ֩  150  5 12
D10032 227  208  ֩  150 20 10


D10032 107  228  ħ֩  150 30 10
D10032 107  228  ֩  150 30 8
D10032 107  228  ֩  150 20 10
D10032 107  228  ֩  150 20 10
D10032 107  228  ֩  150  5 12
D10032 107  228  ֩  150 20 10

;;¸
D10032 155  93  ֩0 200  5 10
D10032 155  93  ֩0 200  5 10
D10032 155  93  ֩0 200  5   10
D10032 155  93  ֩0 200  5   15
D10032 155  93  ħ֩0 200  5   10
D10032 155  93  ֩0 200  5   10
D10032 155  93  Ӱ֩  200  2 30

;d1004
D1004  156  159  ħ֩  200 80 10
D1004  156  159  ֩  200 70 8
D1004  156  159  ֩  200 50 10
D1004  156  159  ֩  200 50 10
D1004  156  159  ֩  200 30 12
D1004  156  159  ֩  200 50 10
D1004  156  159 Ѫ  200 20 12
D1004  156  159 Ѫʬ  200 10 12


D1004  74  172  ħ֩  150 30 10
D1004  74  172  ֩  150 30 8
D1004  74  172  ֩  150 20 10
D1004  74  172  ֩  150 30 10
D1004  74  172  ֩  150 20 10
D1004  74  172  ֩  150 20 12
D1004  74  172 Ѫ  150  5 12

D1004  240  100  ħ֩  150 30 10
D1004  240  100  ֩  150 30 8
D1004  240  100  ֩  150 20 10
D1004  240  100  ֩  150 20 10
D1004  240  100  ֩  150 30 10
D1004  240  100  ֩  150 20 12
D1004  240  100 Ѫ  150  5 12
D1004  240  100 Ѫʬ  150  5 12

;;¸
D1004  156  159  ħ֩0 200  5   10
D1004  156  159  ֩0 200  5   10
D1004  156  159  ֩0 200  5   10
D1004  156  159  ֩0 200  5   10
D1004  156  159  ֩0 200  5   10
D1004  156  159  ֩0 200  5   15
D1004  156  159 Ѫ0 200  5   15
D1004  156  159 Ѫʬ0 200  5   15
D1004  156  159 Ӱ֩ 200  4   30

;d10051
D10051  110  100  ħ֩  200 80 9
D10051  110  100  ֩  200 60 8
D10051  110  100  ֩  200 60 9
D10051  110  100  ֩  200 60 9
D10051  110  100  ֩  200 60 9
D10051  110  100  ֩  200 40 10
D10051  110  100 Ѫ  200 20 10
D10051  110  100 Ѫʬ  200 20 10

;;¸
D10051  110  100  ħ֩0  120  5   10
D10051  110  100  ֩0  120  5   10
D10051  110  100  ֩0  120  5   10
D10051  110  100  ֩0  120  5   10
D10051  110  100  ֩0  120  5   10
D10051  110  100  ֩0  120  5   15
D10051  110  100 Ѫ0  120  5   15
D10051  110  100 Ѫʬ0  120  5   15
D10051  110  100 Ӱ֩  120  2   30

;d10052
D10052  110  100  ħ֩  200 100 9
D10052  110  100  ֩  200 80 8
D10052  110  100  ֩  200 80 9
D10052  110  100  ֩  200 80 9
D10052  110  100  ֩  200 80 9
D10052  110  100  ֩  200 50 10
D10052  110  100 Ѫʬ  120 20 10
D10052  110  100 Ѫ  120 20 10
;;¸
D10052  110  100  ħ֩0  120  5 10
D10052  110  100  ֩0  120  5   10
D10052  110  100  ֩0  120  5   10
D10052  110  100  ֩0  120  5   10
D10052  110  100  ֩0  120  5   10
D10052  110  100  ֩0  120  5   15
D10052  110  100 Ѫ0  120  5   15
D10052  110  100 Ѫʬ0  120  5   15
D10052  110  100 Ӱ֩  120  2   30

;d10061
D10061  15  18  ħ֩  12 6 6
D10061  13  18  ħ֩  12 6 5
D10061  13  18  ħ֩  12 6 5
D10061  13  18  ֩  12 6 5
D10061  13  18  ֩  12 6 5
D10061  15  21  ֩  12 6 6
D10061  16  19 Ѫ  12 5 6
D10061  16  19 Ѫʬ  12 4 5
D10061  15  18  ˫ͷѪħ  12  1   360
D10061  15  18  ˫ͷ  12  1   360
;;¸
D10061  15  18  ħ֩0  12 3 30
D10061  15  18 Ѫ0  12 3 60
D10061  15  18 Ѫʬ0  12 3 60
D10061  15  18  ֩0  12 3 60
D10061  15  18  ֩0  12 3 60

;d10062
D10062  23  18  ¶ħ   0 1   360
D10062  17  19  ħ֩  14 5 5
D10062  17  19  ħ֩  14 5 4
D10062  15  19  ֩  14 5 5
D10062  15  19  ֩  14 5 5
D10062  15  19  ֩  14 5 5
D10062  17  17  ֩  14 5 5
D10062  17  17  ֩  14 5 6
D10062  16  18 Ѫ  14  5   6
D10062  16  18 Ѫʬ  14  5   6

D10062  17  19  ħ֩0  14 2 30
D10062  17  19  ֩0  14 2 60
D10062  17  19  ֩0  14 2 60
D10062  17  19  ֩0  14 2 60
D10062  17  19  綾֩0  14 2 60
D10062  17  19  ֩0  14 2 60
D10062  17  19  Ѫ0 14 2 60
D10062  17  19  Ѫʬ0 14 2 60

;T1341
T1341  15  25  ֩   10 3 10
T1341  15  25  ֩   10 3 10
T1341  25  15  ֩   10 3 10
T1341  25  15  ֩   10 3 10

T1341  15  25  ֩0   10 2 30
T1341  25  15  ֩0   10 2 30

;t1342
T1342  15  25  ֩   10 4 10
T1342  15  25  ֩   10 4 10
T1342  25  15  ֩   10 4 10
T1342  25  15  ֩   10 4 10

T1342  15  25  ֩0   10 2 30
T1342  25  15  ֩0   10 2 30

;T1343
T1343  15  25  ֩   10 5 10
T1343  15  25  ֩   10 5 10
T1343  25  15  ֩   10 5 10
T1343  25  15  ֩   10 5 10

T1343  15  25  ֩0   10 2 30
T1343  25  15  ֩0   10 2 30

1002  14   13     0  1 240

;
D717  83 25 ʯĹʬ  0 1 	  180
R001	75 	114		150	100	20
R001	75 	114	2	150	100	20
R001	75 	114	0	150	25	30
R001	75 	114	۷	150	100	30
R001	75 	114	0 150	 100	30
;ħ


1 51  165    0 1  1
1 51  172    0 1  1

4 443  184  ħ  0 1  1
4 443  192  ħ  0 1  1

4 256 231 ħ  0 1  1
4 251 236  ħ  0 1  1
4 255 230   ħ  0 1  1
4 250 235  ħ  0 1  1
4 254 229 ħ  0 1  1
4 249 234  ħ  0 1  1
4 253 228  ħ  0 1  1
4 248 233  ħ  0 1  1
4 252 227   ħ  0 1  1
4 247 232  ħ  0 1  1

4 257  186 ħ  0 1  1
4 253  183   ħ  0 1  1
4 256  187  ħ  0 1  1
4 252  184 ħ  0 1  1
4 255  188 ħ  0 1  1
4 251  185   ħ  0 1  1
4 254  189  ħ  0 1  1
4 250  186 ħ  0 1  1
4 253  190 ħ  0 1  1
4 249  187  ħ  0 1  1
4 215 193  ħ  0 1  1
4 219 189  ħ  0 1  1


;ͼ
;ͼ  x   y   name   뾶    ʱ䣨֣  %

;ħ
4 322  334  սʿ  90 40 5
4 322  334  ʿ9  90 20 7
4 322  334  ʿ1  90 10 7
4 322  334    90 20 5
4 322  334  սʿ  90 20 5
4 322  334  ս  90 20 5
4 322  334    90 20 5

4 348  190  սʿ  90 40 5
4 348  190  ʿ9  90 20 7
4 348  190  ʿ1  90 10 7
4 348  190    90 20 5
4 348  190  սʿ  90 20 5
4 348  190  ս  90 20 5
4 348  190    90 20 5

4 107  138  սʿ  90 40 5
4 107  138  ʿ9  90 20 7
4 107  138  ʿ1  90 10 7
4 107  138    90 20 5
4 107  138  սʿ  90 20 5
4 107  138  ս  90 20 5
4 107  138    90 20 5

4 126  311  սʿ  90 40 5
4 126  311  ʿ9  90 20 7
4 126  311  ʿ1  90 10 7
4 126  311    90 20 5
4 126  311  սʿ  90 20 5
4 126  311  ս  90 20 5
4 126  311    90 20 5

4 199  99    50 20 6
4 199  99  սʿ  50 20 6
4 199  99  ս  50 20 6
4 199  99    50 20 6

4 274  259    15  4 6
4 274  259  սʿ  15  4 6
4 274  259  ս  15  4 6
4 274  259    15  4 6
4 274  259  ʬ2 15  4 6

4 170  267    15  4 6
4 170  267  սʿ  15  4 6
4 170  267  ս  15  4 6
4 170  267    15  4 6
4 170  267  ʬ2 15  4 6

4 289  154    15  4 6
4 289  154  սʿ  15  4 6
4 289  154  ս  15  4 6
4 289  154    15  4 6
4 289  154  ʬ2 15  4 6

4 443  192  ʿ9  20  5 7
4 443  192  սʿ  20 10 7
4 443  192  սʿ  20  5 7
4 443  192    20  5 7
4 443  192    20  5 7

4 73  85  ʿ9  20 10 7
4 73  85  ʿ1  20  5 7
4 73  85  ս  20  5 7
4 73  85  ʬ1 20  5 7
4 73  85  ʬ2 20  5 7

;;¸
4 322  334  սʿ0  80  4 15
4 348  190  ʿ  80  2 25
4 107  138  ʬ20 80  4 15
4 126  311  սʿ0  80  4 15
4 322  334  ս0  65  4 15
4 348  190  0  65  4 15
4 107  138  0 65  4 15
4 443  192  սʿ0  20  2 15
4 73  85  ʬ10 20  2 15
4 107  138  þ  80  2 60
4 322  334  ͳ  80  2 60
B341  21  25   ʿ  20  2 60


;·
D2001 238  120  ʬ1 200 20 15
D2001 238  120  ʬ2 200 50 15
D2001 238  120  ʬ3 200 30 15
D2001 238  120  ʬ4 200 30 15
D2001 238  120  ʬ5 200 30 15

D2001 136  78  ʬ1 100 10 17
D2001 136  78  ʬ2 100 40 17
D2001 136  78  ʬ3 100 20 17
D2001 136  78  ʬ4 100 20 17
D2001 136  78  ʬ5 100 20 17

D2001 136  78  ʬ1 100 10 16
D2001 136  78  ʬ2 100 40 16
D2001 136  78  ʬ3 100 20 16
D2001 136  78  ʬ4 100 20 16
D2001 136  78  ʬ5 100 20 16

D2001  50  98  ʬ1 40 10 15
D2001  50  98  ʬ2 40 30 15
D2001  50  98  ʬ3 40 10 15
D2001  50  98  ʬ4 40 10 15
D2001  50  98  ʬ5 40 10 15

;;
D2001 238  120  ʬ10   200  2 15
D2001 238  120  ʬ20   200  2 15
D2001 238  120  ʬ30   100  2 15
D2001 136  78  ʬ40   300  2 15
D2001 136  78  ʬ50   300  2 15
D2001  29  99  ʬ  50  1 60



;ͨ
D2002  21  23  ʬ1 10  5 15
D2002  21  23  ʬ2 10 10 15
D2002  21  23  ʬ3 10 10 15
D2002  21  23  ʬ4 10 10 15
D2002  21  23  ʬ5 10 10 15
D2002  21  23  ʬ2 10  4 15

;;
D2002  33  15  ʬ  5  1 60



;ħ
D2003  131 154  Ұ   150 70 18
D2003  131 154  Ұ   150 70 18
D2003  131 154  ɫ  150 80 18
D2003  131 154  Ӭ 150  3 18

;;
D2003  96  128  Ұ0  180  1 20
D2003  96  128  Ұ0  180  1 20
D2003  96  128  ɫ0 180  1 20



;
D2004  49  44  Ұ   100 40 10
D2004  49  44  Ұ   100 40 10
D2004  49  44  ɫ  100 60 10


;;
D2004  49  44  Ұ0  100  2 20
D2004  49  44  Ұ0  100  2 20
D2004  49  44  ɫ0 100  2 20



;â
D2005  41  44  Ұ   100 40 10
D2005  41  44  Ұ   100 40 10
D2005  41  44  ɫ  100 60 10

D2005  41  44  Ӭ 100  2 10
D2005  41  44  Ұ3  100  5 10
D2005  41  44  Ұ3  100  5 10

;;
D2005  41  44  Ұ0  100  2 20
D2005  41  44  Ұ0  100  2 20
D2005  41  44  ɫ0 100  4 20

;
D2006  31  38  Ұ   100 40 10
D2006  31  38  Ұ   100 40 10
D2006  31  38  ɫ  100 60 10
D2006  31  38  Ұ0  100 20 20
D2006  31  38  Ӭ 100 3 10
D2006  31  38  Ұ3  100 10 10
D2006  31  38  Ұ3  100 10 10

;;
D2006  31  38  Ұ0  100  2 20
D2006  31  38  Ұ0  100  2 20
D2006  31  38  ɫ0 100  4 20
D2006  31  38  Ұ   100  2 60

;֮·
D2007 140  135  Ұ   200 30 10
D2007 140  135  Ұ   200 30 10
D2007 140  135  Ұ0  200 15 20
D2007 140  135  ɫ  200 60 10
D2007 140  135  Ӭ 200 3 10
D2007 140  135  Ұ3  200 10 10
D2007 140  135  Ұ3  200 10 10

;;
D2007 140  135  Ұ0  200  2 20
D2007 140  135  Ұ0  200  2 20
D2007 140  135  Ұ   200  1 60
D2007 140  135  ɫ0 200  2 20
D2007 140  135  ħ  200  1 90

;ߴ
D2008  41  74  Ұ   200 30 10
D2008  41  74  Ұ   200 30 10
D2008  41  74  Ұ0  200 15 20
D2008  41  74  ɫ  200 60 10
D2008  41  74  Ӭ 100 3 7
D2008  41  74  ħ0  100  3 30

;;
D2008  41  74  Ұ0  100  1 20
D2008  41  74  Ұ0  100  1 20
D2008  41  74  Ұ   100  2 40 
D2008  41  74  ɫ0 100  2 20
D2008  41  74  ħ  100  1 60

;ڤ
D2009  41  44  Ұ   100 20 15
D2009  41  44  Ұ   100 20 15
D2009  41  44  Ұ0  100 20 15
D2009  41  44  ɫ  100 40 15
D2009  41  44  Ӭ 100 2 15
D2009  41  44  Ы 100 60 15
D2009  41  44  Ұ3  100 15 15
D2009  41  44  Ұ3  100 15 15

;;
D2009  41  44  Ұ0  100  1 20
D2009  41  44  Ұ0  100  1 20
D2009  41  44  Ұ   100  1 40
D2009  41  44  ɫ0 100  2 20
D2009  41  44  Ы0 100  2 20
D2009  41  44  а  100  1 60

;ݺ
D2010 155  231  Ұ   200 40 10
D2010 155  231  Ұ   200 40 10
D2010 155  231  Ұ0  200 20 20 
D2010 155  231  ɫ  200 80 10
D2010 155  231  Ы 200 40 15
D2010 155  231  Ӭ 200 3   10
D2010 155  231  Ұ3  200  5 10
D2010 155  231  Ұ3  200  5 10

;;
D2010 155  231  Ұ0  200  2 20
D2010 155  231  Ұ0  200  2 20
D2010 155  231  Ұ   200  2 40 
D2010 155  231  ɫ0 200  2 20
D2010 155  231  Ы0 200  2 20
D2010 155  231  а  200  1 40
D2010 155  231  ħЫ  200  1 90

;ħ
D2011  32  31  Ұ 80 30 15
D2011  32  31  Ұ 80 30 15
D2011  32  31  Ұ0   80 10 15
D2011  32  31  Ӭ  80 3 10
D2011  32  31  Ы  80 40 10
D2011  32  31  ħЫ0 80  3 25
D2011  32  31  Ұ3   80 10 15
D2011  32  31  Ұ3   80 10 15
D2011  32  31  Ш  80 40 10

;;
D2011  32  31  Ұ0   80  2 20
D2011  32  31  Ұ 80  1 30
D2011  32  31  а  80  1 30
D2011  32  31  Ы0 80  2 20
D2011  32  31  ħЫ  80  1 60

;
D2012  48  47    70 25 15
D2012  48  47  ʿ  70 25 15
D2012  48  47  깭 70 25 10
D2012  48  47  Ш  70 40 10
D2012  48  47  Ӭ  70 3 10
D2012  48  47   70 20 10
D2012  48  47  Ұ 70 20 10
D2012  48  47  Ұ 70 20 10
D2012  48  47  Ұ0   70 10 10
D2012  48  47  Ы  70 20 10
;;ǿ
D2012  48  47  Ұ3   70  5 10
D2012  48  47  Ұ3   70  5 10
D2012  48  47  3  70  5 20
D2012  48  47  ʿ3  70  5 20
D2012  48  47  깭3 70 10 15

;;
D2012  48  47  0  60  2 30
D2012  48  47  ʿ0  60  2 30
D2012  48  47  깭0 60  2 30
D2012  48  47  Ш0 60  4 20
D2012  48  47  0   60  4 20
D2012  48  47  Ұ0   70  2 10
D2012  48  47  Ұ0   70  2 10
D2012  48  47  Ұ 70  2 30
D2012  48  47  Ы0 70  2 10
D2012  48  47  а  70  1 60

;ħ
D2013  22  27    60 40 20
D2013  40  45  ʿ  60 40 20
D2013  40  45  깭 60 30 20
D2013  22  27  3  60 20 20
D2013  40  45  ʿ3  60 20 20
D2013  40  45  깭3 60 60 20
D2013  40  45  ħ 60  2 60
D2013  40  45  ħЫ  60  2 60
D2013  40  45  Ш  60 80 10
D2013  40  45  Ӭ  60 3 15

;;
D2013  40  45  0  60  1 30
D2013  40  45  ʿ0  60  1 30
D2013  40  45  깭0 60  1 30
D2013  40  45  Ш0 60  3 20
D2013  25  29  ħ  10  1   180

;ͨ
D10054 51  40  Ұ 60 30 15
D10054 51  40  Ұ 60 30 15
D10054 51  40  Ұ0   60 20 25
D10054 51  40  ɫ  60 60 15
D10054 51  40  Ӭ  60 3 15
D10054 51  40  ħ  60  1 60
D10054 51  40  Ұ3   60  5 15
D10054 51  40  Ұ3   60  5 15

;;
D10054 51  40  Ұ0   60  1 25
D10054 51  40  Ұ0   60  1 25
D10054 51  40  Ұ 60  1 40
D10054 51  40  ɫ0  60  2 25


;ͨ
D10053 41  40  Ұ 60 30 15
D10053 41  40  Ұ 60 30 15
D10053 41  40  Ұ0   60 10 25 
D10053 41  40  ɫ  60 40 15
D10053 41  40  Ы  60 40 15
D10053 41  40  Ӭ  60 3 15
D10053 41  40  ħЫ  60  1 60
D10053 41  40  Ұ3   60  5 15
D10053 41  40  Ұ3   60  5 15

;;
D10053 41  40  Ұ0   60  1 25
D10053 41  40  Ұ0   60  1 25
D10053 41  40  Ұ 60  1 40 
D10053 41  40  ɫ0  60  2 25
D10053 41  40  Ы0 60  1 25
D10053 41  40  а  60  1 40

4 123  404  ǧ  0  1 360

M100  131 154  Ұ   150 50 8
M100  131 154  Ұ   150 50 8
M100  131 154  ɫ  150 50 8
M100  131 154  Ұ0  150 5  8
M100  131 154  ħ9  150 1  60

D2000  100 100  ʬ2 100  75 10
D2000  100 100  ʬ3 100  75 10
D2000  100 100   100  45 10
;;¸
D2000  100 100  ʬ20 100  3  10
D2000  100 100  ʬ30 100  3  10



ͼ  x   y   name   뾶    ʱ䣨֣

5	450	530			250	5	30
5	450	530	1		250	3	60
5	450	530	3		250	2	90
5	450	530	5		250	1	120
5	450	530	7		250	1	240
5 550  530  սʿ  300 50 10
5 550  530  ʿ9  300 20 10
5 550  530  ʿ1  300 10 10
5 550  530    300 20 10
5 550  530  սʿ  300 20 10
5 550  530  ս  300 20 10
5 550  530    300 20 10
5 550  530  սʿ  300 50 10
5 550  530  ʿ9  300 20 10
5 550  530  ʿ1  300 10 10
5 550  530    300 20 10
5 550  530  սʿ  300 20 10
5 550  530  ս  300 20 10
5 550  530    300 20 10
5 550  530  սʿ  300 50 10
5 550  530  ʿ9  300 20 10
5 550  530  ʿ1  300 10 10
5 550  530    300 20 10
5 550  530  սʿ  300 20 10
5 550  530  ս  300 20 10
5 550  530    300 20 10
5 550  530  սʿ  300 50 10
5 550  530  ʿ9  300 20 10
5 550  530  ʿ1  300 10 10
5 550  530    300 20 10
5 550  530  սʿ  300 20 10
5 550  530  ս  300 20 10
5 550  530    300 20 10
5 550  530  սʿ  300 50 10


D2051	88	105	齩ʬ	100	100	10
D2051	88	105	ʬ	100	60	10
D2051	88	105	齩ʬ0	100	4	60
D2051	88	105			100	2	60
D2051	88	105	2		100	1	60
D2051	120	90	齩ʬ	100	100	10
D2051	120	90	ʬ	100	60	10
D2051	120	90	齩ʬ0	100	4	60
D2051	120	90	齩ʬ	150	100	10



D2052	52	52	齩ʬ	50	70	10
D2052	52	52	齩ʬ0	50	6	60
D2052	52	52	ʬ	50	30	10
D2052	52	52	ʬ0	50	4	60
D2052	52	52	1		50	2	60
D2052	52	52	3		50	2	60
D2052	52	52	5		50	1	60
D2052	71	41	齩ʬ	50	70	10
D2052	71	41	齩ʬ0	50	4	60
D2052	71	41	ʬ	50	30	10
D2052	71	41	ʬ0	50	3	60


D2053	200	190	齩ʬ	100	80	8
D2053	200	190	ʬ	100	20	10
D2053	145	80	齩ʬ	100	80	8
D2053	145	80	ʬ	100	20	10
D2053	100	125	齩ʬ	100	80	8
D2053	100	125	ʬ	100	20	10
D2053	200	190	齩ʬ0	100	10	60
D2053	100	125	ʬ0	100	4	120
D2053	100	145	齩ʬ	100	80	8
D2053	100	145	ʬ	100	20	10
D2053	100	140	齩ʬ0	100	10	60
D2053	200	190	ʬ0	100	4	120
D2053	100	125			100	2	60
D2053	100	125	2		100	2	60
D2053	100	125	4		100	1	60



D2061	110	110	齩ʬ	100	100	10
D2061	110	110	óǹ	100	100	10
D2061	110	110	齩ʬ0	100	4	60
D2061	110	110	óǹ0	100	2	60
D2061	110	110	1		100	2	60
D2061	110	110	2		100	2	60
D2061	110	115	齩ʬ	100	100	10
D2061	110	115	ʬ	100	60	10
D2061	110	115	óǹ	100	100	10
D2061	110	115	齩ʬ0	100	4	60
D2061	110	115	óǹ0	100	2	60

D2062	100	90	õ	100	80	10
D2062	100	90	õ0	100	4	60
D2062	100	90	óǹ	100	80	10
D2062	100	90	óǹ0	100	4	60
D2062	100	90	1		100	2	60
D2062	100	90	3		100	2	60
D2062	100	90	ô	100	80	10
D2062	100	90	ô0	100	2	60
D2062	120	100	õ	100	80	10
D2062	120	100	õ0	100	4	60
D2062	120	100	óǹ	100	60	10
D2062	120	100	óǹ0	100	4	60
D2062	120	100	ô	100	60	10
D2062	120	100	ô0	100	2	60


D2063	105	95	ù	150	60	10
D2063	105	95	ô	150	40	10
D2063	105	95	óǹ	150	60	10
D2063	105	95	õ	150	60	10
D2063	105	95	ù0	150	4	60
D2063	105	95	ô0	150	2	60
D2063	105	95	óǹ0	150	4	60
D2063	105	95	õ0	150	4	60
D2063	105	95	2		120	2	60
D2063	105	95	4		120	2	60
D2063	105	100	ù	150	60	10
D2063	105	100	ô	150	40	10
D2063	105	100	óǹ	150	60	10
D2063	105	100	õ	150	60	10
D2063	105	100	ù0	150	4	60
D2063	105	100	ô0	150	2	60
D2063	105	100	óǹ0	150	4	60
D2063	105	100	õ0	150	4	60


D2064	105	95	ô	150	60	10
D2064	105	95	óǹ	150	60	10
D2064	105	95	õ	150	60	10
D2064	105	95	ù	150	70	10
D2064	105	95	ô0	150	4	60
D2064	105	95	óǹ0	150	4	60
D2064	105	95	õ0	150	4	60
D2064	105	95	ù0	150	8	60
D2064	105	95	3		150	2	60
D2064	105	95	5		150	2	60
D2064	160	100	ô	150	60	10
D2064	160	100	óǹ	150	60	10
D2064	160	100	õ	150	60	10
D2064	160	100	ù	150	70	10
D2064	160	100	ô0	150	4	60
D2064	160	100	óǹ0	150	4	60
D2064	160	100	õ0	150	4	60
D2064	160	100	ù0	150	8	60

D2067	195	240	ô	200	50	10
D2067	195	240	óǹ	200	50	10
D2067	195	240	õ	200	50	10
D2067	195	240	ù	200	20	10
D2067	190	60	ô	200	50	10
D2067	190	60	óǹ	200	50	10
D2067	190	60	õ	200	50	10
D2067	190	60	ù	200	20	10
D2067	80	200	ô	200	50	10
D2067	80	200	óǹ	200	50	10
D2067	80	200	õ	200	50	10
D2067	80	200	ù	200	20	10
D2067	195	240	ô0	200	6	60
D2067	195	240	óǹ0	200	6	60
D2067	190	60	õ0	200	6	60
D2067	80	200	ù0	200	4	60
D2067	195	240	Ȫ	200	1	120
D2067	195	240	귨0	200	1	480
D2067	195	240			200	2	60
D2067	195	240	2		200	2	60
D2067	195	240	4		200	2	60
D2067	195	240	6		200	1	180


D2071	165	180	ţͷħ		150	80	10
D2071	165	180	ţħսʿ	150	80	10
D2071	165	180	ţħʿ	150	80	10
D2071	165	180	ţͷħ0		150	4	60
D2071	165	180	ţħսʿ0	150	2	60
D2071	165	180	ţħʿ0	150	2	60
D2071	165	180	1		150	2	60
D2071	165	180	2		150	2	60
D2071	165	180	ţͷħ		150	80	10
D2071	165	180	ţħսʿ	150	80	10
D2071	165	180	ţħʿ	150	60	10
D2071	165	180	ţͷħ0		150	2	60
D2071	165	180	ţħսʿ0	150	1	60
D2071	165	180	ţħʿ0	150	1	60


D2072	135	145	ţͷħ		150	60	10
D2072	135	145	ţħսʿ	150	80	10
D2072	135	145	ţħʿ	150	80	10
D2072	135	145	ţħ	150	40	10
D2072	135	145	ţͷħ0		150	4	60
D2072	135	145	ţħսʿ0	150	2	60
D2072	135	145	ţħʿ0	150	2	60
D2072	135	145	ţħ0	150	2	60
D2072	135	145	1		150	2	60
D2072	135	145	3		150	2	60
D2072	135	145	ţͷħ		150	60	10
D2072	135	145	ţħսʿ	150	80	10
D2072	135	145	ţħʿ	150	80	10
D2072	135	145	ţħ	150	30	10
D2072	135	145	ţͷħ0		150	2	60
D2072	135	145	ţħսʿ0	180	1	60
D2072	135	145	ţħʿ0	180	1	60
D2072	135	145	ţħ0	180	1	60


D2073	205	210	ţͷħ		200	60	10
D2073	205	210	ţħսʿ	200	60	10
D2073	205	210	ţħʿ	200	60	10
D2073	205	210	ţħ	200	40	10
D2073	205	210	ţħʦ	200	30	10
D2073	205	210	ţͷħ0		200	6	60
D2073	205	210	ţħսʿ0	200	4	60
D2073	205	210	ţħʿ0	200	4	60
D2073	205	210	ţħ0	200	2	60
D2073	205	210	ţħʦ0	200	2	60
D2073	205	210	1		200	2	60
D2073	205	210	4		200	2	60
D2073	205	210	ţͷħ		200	60	10
D2073	205	210	ţħսʿ	200	60	10
D2073	205	210	ţħʿ	200	60	10
D2073	205	210	ţħ	200	30	10
D2073	205	210	ţħʦ	200	20	10
D2073	205	210	ţͷħ0		200	3	60
D2073	205	210	ţħսʿ0	200	2	60
D2073	205	210	ţħʿ0	200	2	60
D2073	205	210	ţħ0	200	1	60
D2073	205	210	ţħʦ0	200	1	60

D2075	105	95	ţħսʿ	150	80	10
D2075	105	95	ţħʿ	150	80	10
D2075	105	95	ţħ	150	40	10
D2075	105	95	ţħʦ	150	40	10
D2075	105	95	ţħ	150	20	10
D2075	105	95	ţħսʿ0	150	4	60
D2075	105	95	ţħʿ0	150	4	60
D2075	105	95	ţħ0	150	2	60
D2075	105	95	ţħʦ0	150	2	60
D2075	105	95	1		150	2	60
D2075	105	95	5		150	2	60
D2075	105	95	ţħսʿ	150	80	10
D2075	105	95	ţħʿ	150	80	10
D2075	105	95	ţħ	150	40	10
D2075	105	95	ţħʦ	150	40	10
D2075	105	95	ţħ	150	6	10
D2075	105	95	ţħսʿ0	150	2	60
D2075	105	95	ţħʿ0	150	2	60
D2075	105	95	ţħ0	150	1	60
D2075	105	95	ţħʦ0	150	1	60



D2076	90	105	ţħսʿ	150	80	10
D2076	90	105	ţħʿ	150	80	10
D2076	90	105	ţħ	150	60	10
D2076	90	105	ţħʦ	150	40	10
D2076	90	105	ţħ	150	20	10
D2076	90	105	ţħսʿ0	150	4	60
D2076	90	105	ţħʿ0	150	4	60
D2076	90	105	ţħ0	150	2	60
D2076	90	105	ţħʦ0	150	2	60
D2076	90	105	ţħ0	150	2	60
D2076	90	105	1		150	2	60
D2076	90	105	3		150	2	60
D2076	90	105	6		150	1	60
D2076	90	105	ţħսʿ	150	40	10
D2076	90	105	ţħʿ	150	40	10
D2076	90	105	ţħ	150	40	10
D2076	90	105	ţħʦ	150	30	10
D2076	90	105	ţħ	150	20	10
D2076	90	105	ţħսʿ0	150	2	60
D2076	90	105	ţħʿ0	150	2	60
D2076	90	105	ţħ0	150	1	60
D2076	90	105	ţħʦ0	150	1	60
D2076	90	105	ţħ0	150	1	60


D2078	150	150	ţħսʿ	180	60	10
D2078	150	150	ţħʿ	180	60	10
D2078	150	150	ţħ	180	60	10
D2078	150	150	ţħʦ	180	60	10
D2078	150	150	ţħ	180	30	10
D2078	150	150	ţħ˾	180	30	10
D2078	150	150	ţħսʿ0	180	2	60
D2078	150	150	ţħʿ0	180	2	60
D2078	150	150	ţħ0	180	2	60
D2078	150	150	ţħʦ0	180	2	60
D2078	150	150	ţħ0	180	2	60
D2078	150	150	ţħ˾0	180	2	60
D2078	150	150			200	2	60
D2078	150	150	3		200	2	60
D2078	150	150	5		200	2	60
D2078	150	150	7		200	1	120
D2078	150	150	ţħ	180	60	10
D2078	150	150	ţħʦ	180	40	10
D2078	150	150	ţħ	180	20	10
D2078	150	150	ţħ˾	180	20	10
D2078	150	150	ţħսʿ0	180	2	60
D2078	150	150	ţħʿ0	180	2	60

D2079	50	50	ţħ	70	80	6
D2079	50	50	ţħʦ	70	80	6
D2079	50	50	ţħ	70	50	8
D2079	50	50	ţħ˾	70	50	8
D2079	50	50	ţħ0	70	4	60
D2079	50	50	ţħʦ0	70	4	60
D2079	50	50	ţħ0	70	2	60
D2079	50	50	ţħ˾0	70	2	60
D2079	50	50	ţħ		1	1	180
D2079	50	50	֮ţħ	1	1	720
D2079	50	50	2		50	2	60
D2079	50	50	4		50	2	60
D2079	50	50	6		50	2	60
D2079	50	50	8		50	1	120
D2079	50	50	ţħ	70	30	8
D2079	50	50	ţħ˾	70	30	8

T140	14	16	֮˫ͷѪħ	1	1	360
T119	26	26	֮˫ͷ	1	1	360
T139	22	26	֮þ	1	1	360
T115	52	36	֮Ȫ	1	1	360
T118	14	16	֮ħ	1	1	360
T132	20	28	֮	1	1	360

;
;G012	30	40	ɻ1	30	10	30
;G012	30	40	ɻ	1	1	1

;;
B112	11	12	ʥ	1	1	9

B122	11	12	ʥʿ	1	1	9

B132	11	12	ʥħЫ	1	1	9

B103	11	12	ʥ	1	1	9

B113	11	12	ʥ򵾲	1	1	9

B123	11	12	ʥ򻤷	1	1	9

B133	11	12	ʥ	1	1	9

B104	11	12	ʥ	1	1	9

B114	11	12	ʥʬ	1	1	9

B124	11	12	ʥӥ	1	1	9

B134	11	12	ʥڤ	1	1	9

B105	11	12	ʥʿ	1	1	9

B115	11	12	ʥ򹭼	1	1	9

B125	11	12	ʥţħ	1	1	9

B135	11	12	ʥ	1	1	9

B111	11	12	ʥ	1	1	9

B121	11	12	ʥШ	1	1	9

B131	11	12	ʥ򵶸	1	1	9

B106	11	12	ʥ򽫾	1	1	9

B116	11	12	ʥ˾	1	1	9

B126	11	12	ʥɱ	1	1	9

B136	11	12	ʥʿ	1	1	9

B107	11	12	ʥǯ	1	1	9

B117	11	12	ʥ	1	1	9

B127	11	12	ʥ޳	1	1	9

B137	11	12	ʥ	1	1	9

B108	11	12	ʥħ	1	1	9

B118	11	12	ʥ	1	1	9

B128	11	12	ʥ๳è	1	1	9

B138	11	12	ʥЫ	1	1	9

B109	11	12	ʥ	1	1	9

B119	11	12	ʥ	1	1	9

B129	11	12	ʥ	1	1	9

B139	11	12	ʥ	1	1	9

B110	11	12	ʥħ	1	1	9

B120	11	12	ʥѪħ	1	1	9

B130	11	12	ʥ	1	1	9

B140	11	12	ʥţħ	1	1	9


;þһ
H001	75	75	齩ʬ8	75	60 	20
H001	75	75	齩ʬ8	75	60 	20
H001	75	75	齩ʬ8	75	60 	20
H001	75	75	齩ʬ8	75	60 	20
H001	75	75	ʬ8	75	40 	20
H001	75	75	8 		75	60 	20
H001	75	75	ɫ8 	75	60 	20
H001	75	75	8		75	60 	20
H001	75	75	ǯ8		75	60 	20

;;
H001	75	75	ʬ8		75	2	30
H001	75	75	ʬ8		75	2	30
H001	75	75	þ8 	75	2	15
H001	75	75	þ8	75	2	15
H001	75	75	þ8	75	2	15

;þ
H002  251 41   Ұ8  30   15 10
H002  321 72   Ұ8  30   15 10
H002  363 146  Ұ8  30   15 10
H002  172 59   Ұ8  30   15 10
H002  210 93   Ұ8  30   15 10
H002  262 140  Ұ8  30   15 10
H002  309 19   Ұ8  30   15 10
H002  350 303  Ұ8  30   15 10
H002  111 105  Ұ8  30   15 10
H002  158 149  Ұ8  30   15 10
H002  200 200  Ұ8  30   15 10
H002  255 306  Ұ8  30   15 10
H002  287 286  Ұ8  30   15 10
H002  56  158  Ұ8  30   15 10
H002  153 237  Ұ8  30   15 10
H002  112 250  Ұ8  30   15 10
H002  114 314  Ұ8  30   15 10
H002  304 340  Ұ8  30   15 10
H002  251 41   Ұ8  30   15 10
H002  321 72   Ұ8  30   15 10
H002  363 146  Ұ8  30   15 10
H002  172 59   Ұ8  30   15 10
H002  210 93   Ұ8  30   15 10
H002  262 140  Ұ8  30   15 10
H002  309 19   Ұ8  30   15 10
H002  350 303  Ұ8  30   15 10
H002  111 105  Ұ8  30   15 10
H002  158 149  Ұ8  30   15 10
H002  200 200  Ұ8  30   15 10
H002  255 306  Ұ8  30   15 10
H002  287 286  Ұ8  30   10 10
H002  56  158  Ұ8  30   10 10
H002  153 237  Ұ8  30   10 10
H002  112 250  Ұ8  30   10 10
H002  114 314  Ұ8  30   10 10
H002  304 340  Ұ8  30   10 10
H002  251 41   Ұ8  30   10 10
H002  321 72   Ұ8  30   10 10
H002  363 146  Ұ8  30   10 10
H002  172 59   Ұ8  30   10 10
H002  210 93   Ұ8  30   10 10
H002  262 140  Ұ8  30   10 10
H002  309 19   Ұ8  30   10 10
H002  350 303  Ұ8  30   10 10
H002  111 105  Ұ8  30   10 10
H002  158 149  Ұ8  30   10 10
H002  200 200  Ұ8  30   10 10
H002  255 306  Ұ8  30   10 10
H002  287 286  Ұ8  30   10 10
H002  56  158  Ұ8  30   10 10
H002  153 237  Ұ8  30   10 10
H002  112 250  Ұ8  30   10 10
H002  114 314  Ұ8  30   10 10
H002  304 340  Ұ8  30   10 10
H002  200 200  Ш8   200  25 10
H002  200 200  Ы8   200  30 10



;þ
H003  40 40 ʿ8 20 5  5	50
H003  40 40 ս8 20 5  5	50
H003  40 40 8 20 5  5	50
H003  40 40 սʿ8 20 5  5	50
H003  50 50 ʿ8 20 7  5	50
H003  50 50 ս8 20 7  5	50
H003  50 50 8 20 7  5	50
H003  50 50 սʿ8 20 5  5	50
H003  60 60 ʿ8 20 5  5	50
H003  60 60 ս8 20 5  5	50
H003  60 60 8 20 5  5	50
H003  60 60 սʿ8 20 5  5	50
H003  40 50 ʿ8 20 5  5
H003  40 50 ս8 20 5  5
H003  40 50 8 20 5  5
H003  40 50 սʿ8 20 5  5
H003  40 50 ս8 20 5  5
H003  40 50 8 20 7  5
H003  40 50 ս8 20 7  5
H003  50 40 ʿ8 20 7  5
H003  50 40 ս8 20 5  5
H003  50 40 8 20 5  5
H003  50 40 սʿ8 20 5  5
H003  60 50 ʿ8 20 5  5
H003  60 50 ս8 20 5  5
H003  60 50 8 20 5  5
H003  60 50 սʿ8 20 5  5
H003  50 60 ʿ8 20 3  5
H003  50 60 ս8 20 3  5
H003  50 60 8 20 3  5
H003  50 60 սʿ8 20 5  5
H003  20 21 ʿ8  7 5  5
H003  20 21 ս8  7 5  5
H003  20 21 8  7 5  5
H003  20 21 սʿ8  7 8  5

;;
H003  50 50 ʿ8 30 2 20

;þĲ
H004  19  39   ɫ8  70   20 7
H004  97  81   ɫ8  70   20 7
H004  57  166  ɫ8  70   20 7
H004  178 127  ɫ8  70   20 7
H004  19  39   8  70   15  7
H004  97  81   8  70   15  7
H004  57  166  8  70   15  7
H004  178 127  8  70   15  7
H004  19  39   8 70   15  7
H004  97  81   8 70   15  7
H004  57  166  8 70   15  7
H004  178 127  8 70   15  7
H004  19  39   ǯ8  70   20 7
H004  97  81   ǯ8  70   20 7
H004  57  166  ǯ8  70   20 7
H004  178 127  ǯ8  70   20 7
H004  100 100  ǯ8  100  10 10 50
H004  100 100  ǯ8  100  10 10 50
H004  100 100  8  100  80 7
H004  100 100  8  100  10 10 50
H004  100 100  8  100  10 10 50
H004  100 100  аǯ8 100  2 60
H004  100 100  8 50   2  20
H004  100 100  8 50   2  20
H004  100 100  8   50   2  20
H004  100 100  ǯ8  50   2  20

;;
H004  83  168  8   40  1  20
H004  83  168  ʷķ8   70  1  20

;þ
H005	200	190	ô8	100	20	8
H005	200	190	óǹ8	100	80	8
H005	145	80	õ8	100	80	8
H005	145	80	ù8	100	20	10
H005	100	125	õ8	100	80	8
H005	100	125	ô8	100	20	10
H005	200	190	ù8	100	20	20
H005	100	125	óǹ8	100	20	20
H005	100	145	óǹ8	100	80	8
H005	100	145	õ8	100	20	10
H005	100	140	õ8	100	20	60
H005	200	190	õ8	100	20	10
H005	100	125	ô8	100	20	20
H005	100	125	õ8	100	20	10
H005	100	125	óǹ8	100	20	20
H005	100	125	Ȫ8	100	1	120

;þ
H006  100 100  ɫ8  100   30  5
H006  100 100  ɫ8  100   30  5
H006  100 100  Ш8 100   30  5
H006  100 100  Ш8 100   30  5
H006  100 100  Ш8 100   30  5
H006  100 100  Ы8 100   50  5
H006  100 100  Ұ80  100 5  5
H006  100 100  Ұ80  100 5  5
H006  100 100  Ұ80  100 5  5
H006  100 100  Ұ8   100 2 15
H006  100 100  Ұ8   100 2 10
H006  100 100  а8  100 1 20

;þ߲
H006  83  25 ʯĹʬ8  0 1 	  30
H007  100 100  깭8 100  80 10
H007  100 100  8  100  80 10
H007  100 100  ʿ8  100  60 10
H007  100 100  Ш8 100  80 10

;;
H007  100 100  깭83   100  20  10
H007  100 100  83 100  10  10
H007  100 100  ʿ83 100  10  10
H007  100 100  깭83   100  20  10
H007  100 100  깭83   100  20  10
H007  100 100  ʿ80 100  2  10
H007  100 100  83 100  20  10

;þԹ
T2061  19  24  Ӭ8   5   1 10
T2061  19  24  Ш8   5   1 10
T2061  19  24  罩8  5   1 10
T2062  19  24  Ӭ8   5   1 10
T2062  19  24  Ш8   5   1 10
T2062  19  24  罩8  5   1 10
T2063  19  24  Ӭ8   5   1 10
T2063  19  24  Ш8   5   1 10
T2063  19  24  罩8  5   1 10
T3061  19  24  Ӭ8   5   1 10
T3061  19  24  Ш8   5   1 10
T3061  19  24  罩8  5   1 10
T3062  19  24  Ӭ8   5   1 10
T3062  19  24  Ш8   5   1 10
T3062  19  24  罩8  5   1 10
T3063  19  24  Ӭ8   5   1 10
T3063  19  24  Ш8   5   1 10
T3063  19  24  罩8  5   1 10

;;
T1061  19  24  Ӭ8   5   1 10
T1061  19  24  Ш8   5   1 10
T1061  19  24  罩8  5   1 10
T1061  19  24  װʹ 5   1 240

;þ˲
H008  61  26  83  10 10 10
H008  40  45  ʿ83  20 10 10
H008  40  45  깭83 50 50 10
H008  26  58  83  10 10 10
H008  20  45  ʿ83  10  5 10
H008  40  25  ʿ83  10  5 10
H008  65  35  83  10  5 10
H008  40  65  83  10  5 10
H008  40  45  Ш8  60 60 10

;;
H008  40  45  ħЫ8  30  1 360
H008  40  45  ħ8  30  1 15
H008  40  45  ħЫ80 30  2 10
H008  40  45  ħ80 30  2 10
H008  25  29  ħ8  10  1 30

;þŲ
H009 128  91  ħ֩8  200 50 10
H009 128  91  ֩8  200 80 8
H009 128  91  ֩8  200 60 10
H009 128  91  ֩8  200 60 10
H009 128  91  ֩8  200 5 12

H009 242  152  ħ֩8  150 30 10
H009 242  152  ֩8  150 50 8
H009 242  152  ֩8  150 50 10
H009 242  152  ֩8  150 50 10
H009 242  152  ֩8  150  5 12

H009  66  208  ħ֩8  150 30 10
H009  66  208  ֩8  150 30 8
H009  66  208  ֩8  150 20 10
H009  66  208  ֩8  150 20 10
H009  66  208  ֩8  150  5 12

;;
H009 128  91  Ѫ8 200  5 20
H009 128  91  Ѫ8 200  5 20
H009 128  91  Ѫʬ8 200  5 20
H009 128  91  Ѫʬ8 200  5 20
H009 128  91  ħ֩8 200  5 10
H009 128  91  ˫ͷѪħ8  200  1 120
H009 128  91  ˫ͷ8  200  1 120


;
H010	205	210	ţͷ8	200	80	10
H010	205	210	ţħʦ8	200	80	10
H010	205	210	ţħ8	200	50	10
H010	205	210	ţħ8	200	50	10
H010	205	210	ţħʦ8	200	60	10
H010	205	210	ţħ˾8	200	6	60
H010	205	210	ţħ8	200	4	60
H010	205	210	ţħ8	200	4	60
H010	205	210	ţħ˾8	200	2	60
H010	205	210	ţħ˾8	200	2	60
H010	205	210	ţħʦ8	200	50	10
H010	205	210	ţħ˾8	200	50	10
H010	205	210	ţħ8	200	50	10
H010	205	210	ţħ8	200	50	10
H010	205	210	ţħʦ8	200	50	10

;;
H010	205	210	¶ħ8	200	1	180
H010	205	210	֮8	200	1	120
H010	205	210	ţħ8		200	1	120
H010	205	210	֮ţħ8	200	1	120