1	职业介绍信	0	1	1	0
2	金创药(小量)	0	1	1	0
2	魔法药(小量)	0	1	1	0
1	肉	0	1	1	0
3	布衣(男)	0	1	1	0
3	布衣(女)	0	1	1	0
4	木剑	0	1	1	0
4	铁剑	0	1	1	0
4	青铜剑	0	1	1	0
3	轻型盔甲(男)	0	1	1	0
3	轻型盔甲(女)	0	1	1	0
2	干肉	0	1	1	0
2	药	0	1	1	0
4	凝霜	0	1	1	0
1	火球术	0	1	1	0
1	治愈术	0	1	1	0
1	基本剑术	0	1	1	0
7	蜡烛	0	1	1	0
4	短剑	0	1	1	0
1	精神力战法	0	1	1	0
4	青铜斧	0	1	1	0
3	重盔甲(女)	0	1	1	0
3	魔法长袍(女)	0	1	1	0
3	灵魂战衣(女)	0	1	1	0
3	重盔甲(男)	0	1	1	0
3	魔法长袍(男)	0	1	1	0
3	灵魂战衣(男)	0	1	1	0
1	大火球	0	1	1	0
1	攻杀剑术	0	1	1	0
1	施毒术	0	1	1	0
4	匕首	0	1	1	0
4	井中月	0	1	1	0
4	银蛇	0	1	1	0
4	海魂	0	1	1	0
4	修罗	0	1	1	0
4	炼狱	0	1	1	0
4	凌风	0	1	1	0
4	破魂	0	1	1	0
4	斩马刀	0	1	1	0
1	食人树叶	0	1	1	0
1	毒蜘蛛牙齿	0	1	1	0
1	食人树果实	0	1	1	0
1	蝎子尾巴	0	1	1	0
1	蛆卵	0	1	1	0
2	灰色药粉(少量)	0	1	1	0
2	黄色药粉(少量)	0	1	1	0
5	古铜戒指	0	1	1	0
5	青铜头盔	0	1	1	0
5	金项链	0	1	1	0
5	铁手镯	0	1	1	0
2	灰色药粉(中量)	0	1	1	0
2	灰色药粉(大量)	0	1	1	0
2	黄色药粉(中量)	0	1	1	0
2	黄色药粉(大量)	0	1	1	0
4	乌木剑	0	1	1	0
4	魔杖	0	1	1	0
4	八荒	0	1	1	0
1	鸡肉	0	1	1	0
5	玻璃戒指	0	1	1	0
5	牛角戒指	0	1	1	0
5	蓝色水晶戒指	0	1	1	0
5	六角戒指	0	1	1	0
5	黑檀项链	0	1	1	0
5	黄色水晶项链	0	1	1	0
5	黑色水晶项链	0	1	1	0
5	魔法头盔	0	1	1	0
1	沃玛号角	0	1	1	0
4	半月	0	1	1	0
5	皮制手套	0	1	1	0
5	坚固手套	0	1	1	0
5	钢手镯	0	1	1	0
5	生铁戒指	0	1	1	0
5	金戒指	0	1	1	0
5	灯笼项链	0	1	1	0
5	白色虎齿项链	0	1	1	0
5	魅力戒指	0	1	1	0
5	道德戒指	0	1	1	0
5	白金项链	0	1	1	0
5	降妖除魔戒指	0	1	1	0
5	躲避手链	0	1	1	0
1	地牢逃脱卷	0	1	1	0
4	偃月	0	1	1	0
4	降魔	0	1	1	0
5	传统项链	0	1	1	0
5	小手镯	0	1	1	0
5	银手镯	0	1	1	0
5	大手镯	0	1	1	0
4	鹤嘴锄	0	1	1	0
5	隐身戒指	0	1	1	0
1	抗拒火环	0	1	1	0
1	地狱火	0	1	1	0
1	雷电术	0	1	1	0
1	疾光电影	0	1	1	0
1	灵魂火符	0	1	1	0
1	幽灵盾	0	1	1	0
1	神圣战甲术	0	1	1	0
2	金创药(中量)	0	1	1	0
2	魔法药(中量)	0	1	1	0
5	黑色水晶戒指	0	1	1	0
5	魔鬼项链	0	1	1	0
5	珊瑚戒指	0	1	1	0
5	蓝翡翠项链	0	1	1	0
5	蛇眼戒指	0	1	1	0
5	琥珀项链	0	1	1	0
2	护身符	0	1	1	0
1	刺杀剑术	0	1	1	0
5	放大镜	0	1	1	0
5	红宝石戒指	0	1	1	0
5	珍珠戒指	0	1	1	0
5	竹笛	0	1	1	0
5	铂金戒指	0	1	1	0
5	骷髅戒指	0	1	1	0
5	龙之戒指	0	1	1	0
5	死神手套	0	1	1	0
5	骷髅头盔	0	1	1	0
5	魔法手镯	0	1	1	0
5	金手镯	0	1	1	0
5	道士头盔	0	1	1	0
5	传送戒指　	0	1	1	0
5	铂金手镯	0	1	1	0
5	骑士手镯	0	1	1	0
5	绿色项链	0	1	1	0
5	凤凰明珠	0	1	1	0
5	道士手镯	0	1	1	0
5	三眼手镯	0	1	1	0
5	灵魂项链	0	1	1	0
5	黑檀手镯	0	1	1	0
5	思贝儿手镯	0	1	1	0
5	恶魔铃铛	0	1	1	0
1	铜矿	0	1	1	0
1	铁矿	0	1	1	0
1	银矿	0	1	1	0
1	金矿	0	1	1	0
1	战神油	0	1	1	0
1	回城卷	0	1	1	0
1	祝福油	0	1	1	0
5	麻痹戒指　	0	1	1	0
5	复活戒指　	0	1	1	0
5	火焰戒指	0	1	1	0
5	防御戒指　	0	1	1	0
5	愤怒戒指　	0	1	1	0
5	护身戒指　	0	1	1	0
5	超负载戒指	0	1	1	0
5	技巧项链	0	1	1	0
5	狂风戒指	0	1	1	0
5	夏普儿手镯	0	1	1	0
5	狂风项链	0	1	1	0
5	避邪手镯	0	1	1	0
5	探测项链　	0	1	1	0
1	困魔咒	0	1	1	0
1	召唤骷髅	0	1	1	0
1	隐身术	0	1	1	0
1	集体隐身术	0	1	1	0
1	诱惑之光	0	1	1	0
1	瞬息移动	0	1	1	0
1	火墙	0	1	1	0
1	爆裂火焰	0	1	1	0
1	地狱雷光	0	1	1	0
1	半月弯刀	0	1	1	0
4	备用武器	0	1	1	0
4	备用武器	0	1	1	0
2	太阳水	0	1	1	0
1	祖玛头像	0	1	1	0
1	包月制会员证	0	1	1	0
1	随机传送卷	0	1	1	0
4	无极棍	0	1	1	0
4	血饮	0	1	1	0
4	裁决之杖	0	1	1	0
5	记忆戒指	0	1	1	0
5	记忆项链	0	1	1	0
5	记忆手镯	0	1	1	0
5	记忆头盔	0	1	1	0
4	祈祷之刃	0	1	1	0
5	祈祷手镯　	0	1	1	0
5	祈祷项链	0	1	1	0
5	祈祷戒指	0	1	1	0
5	祈祷头盔	0	1	1	0
1	行会回城卷	0	1	1	0
1	修复油	0	1	1	0
2	强效金创药	0	1	1	0
2	强效魔法药	0	1	1	0
5	生命项链	0	1	1	0
5	力量戒指	0	1	1	0
5	心灵手镯	0	1	1	0
5	黑铁头盔	0	1	1	0
1	烈火剑法	0	1	1	0
1	野蛮冲撞	0	1	1	0
1	心灵启示	0	1	1	0
1	群体治疗术	0	1	1	0
1	召唤神兽	0	1	1	0
1	魔法盾	0	1	1	0
1	圣言术	0	1	1	0
1	冰咆哮	0	1	1	0
1	超级金创药	0	1	1	0
1	超级魔法药	0	1	1	0
2	强效太阳水	0	1	1	0
1	骰子	0	1	1	0
1	佛牌	0	1	1	0
1	黑铁矿石	0	1	1	0
1	彩票	0	1	1	0
2	疗伤药	0	1	1	0
2	特殊药水	0	1	1	0
1	药剂师的信	0	1	1	0
1	活动卷	0	1	1	0
4	命运之刃	0	1	1	0
4	屠龙	0	1	1	0
4	骨玉权杖	0	1	1	0
4	龙纹剑	0	1	1	0
4	嗜魂法杖	0	1	1	0
7	火把	0	1	1	0
5	精灵头盔	0	1	1	0
2	鹿茸	0	1	1	0
1	山洞凭证	0	1	1	0
5	紫碧螺	0	1	1	0
5	泰坦戒指	0	1	1	0
5	幽灵手套	0	1	1	0
5	阎罗手套	0	1	1	0
5	龙之手镯	0	1	1	0
5	天珠项链	0	1	1	0
5	幽灵项链	0	1	1	0
2	雪霜膏	0	1	1	0
1	金条	0	1	1	0
2	鹿血	0	1	1	0
5	神秘戒指	0	1	1	0
5	神秘腰带	0	1	1	0
5	神秘头盔	0	1	1	0
2	神水	0	1	1	0
2	超级蓝毒	0	1	1	0
2	超级红毒	0	1	1	0
2	超级绿毒	0	1	1	0
2	万年雪霜	0	1	1	0
2	雪霜	0	1	1	0
5	命运戒指	0	1	1	0
5	命运手镯	0	1	1	0
5	命运项链	0	1	1	0
5	魔力戒指	0	1	1	0
5	魔力手镯	0	1	1	0
5	魔力项链	0	1	1	0
1	备用卷1	0	1	1	0
1	声望卷	0	1	1	0
1	筹码	0	1	1	0
2	神秘药水	0	1	1	0
2	备用药1	0	1	1	0
1	金创药(小)包	0	1	1	0
1	魔法药(小)包	0	1	1	0
1	金创药(中)包	0	1	1	0
1	魔法药(中)包	0	1	1	0
1	地牢逃脱卷包	0	1	1	0
1	随机传送卷包	0	1	1	0
1	回城卷包	0	1	1	0
1	行会回城卷包	0	1	1	0
1	筹码包	0	1	1	0
1	书信	0	1	1	0
2	雪莲	0	1	1	0
1	攻击神水	0	1	1	0
1	魔力神水	0	1	1	0
1	精神神水	0	1	1	0
1	极速神水	0	1	1	0
1	体力强效神水	0	1	1	0
1	魔力强效神水	0	1	1	0
1	金砖	0	1	1	0
1	金盒	0	1	1	0
1	强化攻击神水	0	1	1	0
1	强化魔力神水	0	1	1	0
1	强化精神神水	0	1	1	0
1	强化极速神水	0	1	1	0
1	体力强化神水	0	1	1	0
1	魔力强化神水	0	1	1	0
1	强效攻击神水	0	1	1	0
1	强效魔力神水	0	1	1	0
1	强效精神神水	0	1	1	0
1	强效体力神水	0	1	1	0
1	强效魔法神水	0	1	1	0
1	超级攻击神水	0	1	1	0
1	超级魔力神水	0	1	1	0
1	超级精神神水	0	1	1	0
1	体力超级神水	0	1	1	0
1	魔力超级神水	0	1	1	0
1	超级极速神水	0	1	1	0
1	强效极速神水	0	1	1	0
1	苹果	0	1	1	0
4	赤血魔剑	0	1	1	0
5	魔血戒指	0	1	1	0
5	魔血手镯	0	1	1	0
5	魔血项链	0	1	1	0
5	虹魔戒指	0	1	1	0
5	虹魔手镯	0	1	1	0
5	虹魔项链	0	1	1	0
1	血剑块	0	1	1	0
5	无名戒指	0	1	1	0
5	命运戒指(刹)	0	1	1	0
5	命运项链(刹)	0	1	1	0
5	高尚戒指	0	1	1	0
5	命运手镯(刹)	0	1	1	0
5	高尚项链	0	1	1	0
1	水晶	0	1	1	0
1	邪恶巨人心脏	0	1	1	0
1	赤月恶魔油	0	1	1	0
4	GM屠龙	0	1	1	0
4	初级银蛇	0	1	1	0
4	中级银蛇	0	1	1	0
4	高级银蛇	0	1	1	0
1	灰木	0	1	1	0
1	雪霜包	0	1	1	0
1	万恶召唤令	0	1	1	0
1	红木包	0	1	1	0
1	法王令牌	0	1	1	0
1	蓝木包	0	1	1	0
1	超级护身符	0	1	1	0
1	书	0	1	1	0
4	血饮魔	0	1	1	0
3	火龙鳞甲(男)	0	1	1	0
3	天使之翼(男)	0	1	1	0
3	天使之翼(女)	0	1	1	0
5	GM头盔	0	1	1	0
3	火龙鳞甲(女)	0	1	1	0
3	黄金战衣(男)	0	1	1	0
3	黄金战衣(女)	0	1	1	0
3	战神盔甲(男)	0	1	1	0
3	战神盔甲(女)	0	1	1	0
3	钢盔甲(男)	0	1	1	0
3	钢盔甲(女)	0	1	1	0
3	幽灵战衣(男)	0	1	1	0
3	幽灵战衣(女)	0	1	1	0
3	泰坦战衣(男)	0	1	1	0
3	泰坦战衣(女)	0	1	1	0
3	恶魔长袍(男)	0	1	1	0
3	恶魔长袍(女)	0	1	1	0
3	圣龙魔袍(男)	0	1	1	0
3	圣龙魔袍(女)	0	1	1	0
7	火炬	0	1	1	0
4	GM龙纹	0	1	1	0
1	超级红毒1	0	1	1	0
1	超级绿毒1	0	1	1	0
3	魔幻(男)	0	1	1	0
3	魔幻(女)	0	1	1	0
3	邪恶冰魅(男)	0	1	1	0
3	邪恶冰魅(女)	0	1	1	0
3	蝠灵(男)	0	1	1	0
3	蝠灵(女)	0	1	1	0
3	凤凰羽翼(女)	0	1	1	0
3	圣灵铠甲(女)	0	1	1	0
3	霸王铁盖	0	1	1	0
3	朱雀战袍	0	1	1	0
3	圣灵铠甲(男)	0	1	1	0
3	凤凰羽翼(男)	0	1	1	0
3	毁灭天地	0	1	1	0
3	龙翼	0	1	1	0
4	魅影之身	0	1	1	0
4	霸者之刃	0	1	1	0
4	旋风流星刀	0	1	1	0
4	双刃	0	1	1	0
4	袭风	0	1	1	0
4	魔刃	0	1	1	0
5	爱情戒指	0	1	1	0
3	114	0	1	1	0
3	10104	0	1	1	0
3	11114	0	1	1	0
4	嗜血狂刃	0	1	1	0
5	备用手镯5	0	1	1	0
1	5元风云券	0	1	1	0
1	10元风云券	0	1	1	0
1	50元风云券	0	1	1	0
1	火焰冰	0	1	1	0
1	群雷术	0	1	1	0
1	群毒术	0	1	1	0
1	解毒术	0	1	1	0
1	狮子吼	0	1	1	0
1	半年制会员证	0	1	1	0
1	寒铁	0	1	1	0
1	全年制会员证	0	1	1	0
1	重设密码证	0	1	1	0
1	魔法石	0	1	1	0
1	诅咒石	0	1	1	0
7	会员勋章(2EXP)	0	1	1	0
7	会员勋章(Mon0)	0	1	1	0
7	勋章(AMC)	0	1	1	0
1	版主凭证	0	1	1	0
1	金刚石	0	1	1	0
1	备用卷5	0	1	1	0
1	备用卷6	0	1	1	0
5	圣战手镯	0	1	1	0
5	法神手镯	0	1	1	0
4	龙纹(魔)	0	1	1	0
7	天骄之徽(金)	0	1	1	0
7	天骄之徽(铜)	0	1	1	0
7	天骄之徽(银)	0	1	1	0
1	银石	0	1	1	0
5	黑铁手套	0	1	1	0
3	中型盔甲(男)	0	1	1	0
3	中型盔甲(女)	0	1	1	0
5	圣战头盔	0	1	1	0
5	圣战项链	0	1	1	0
5	圣战手镯	0	1	1	0
5	圣战戒指	0	1	1	0
5	法神头盔	0	1	1	0
5	法神项链	0	1	1	0
5	法神手镯	0	1	1	0
5	法神戒指	0	1	1	0
5	天尊头盔	0	1	1	0
5	天尊项链	0	1	1	0
5	天尊手镯	0	1	1	0
5	天尊戒指	0	1	1	0
2	橡树果	0	1	1	0
2	青色橡树果	0	1	1	0
2	银色橡树果	0	1	1	0
2	金色橡树果	0	1	1	0
1	东球场入场卷	0	1	1	0
1	西球场入场卷	0	1	1	0
1	石墓七凭证	0	1	1	0
1	祖玛教主凭证	0	1	1	0
1	沃玛教主凭证	0	1	1	0
1	赤月恶魔凭证	0	1	1	0
1	尸王殿凭证	0	1	1	0
1	石墓八凭证	0	1	1	0
1	石墓九凭证	0	1	1	0
1	西矿区凭证	0	1	1	0
1	东矿区凭证	0	1	1	0
1	决战场凭证	0	1	1	0
1	会议厅凭证	0	1	1	0
4	罗刹	0	1	1	0
5	浮幽项链　	0	1	1	0
5	浮幽手镯　	0	1	1	0
5	浮幽戒指　	0	1	1	0
5	银域项链　	0	1	1	0
5	银域戒指　	0	1	1	0
5	银域手镯　	0	1	1	0
1	修炼石	0	1	1	0
5	修炼手镯　	0	1	1	0
5	贝斯戒指　	0	1	1	0
5	考斯戒指　	0	1	1	0
5	宙迪项链　	0	1	1	0
5	宙迪手套　	0	1	1	0
5	宙迪戒指　	0	1	1	0
5	藤域戒指　	0	1	1	0
5	藤域手镯	0	1	1	0
5	藤域项链　	0	1	1	0
5	修炼石2	0	1	1	0
5	铜域手镯　	0	1	1	0
5	铜域戒指　	0	1	1	0
5	铜域项链　	0	1	1	0
5	木域项链　	0	1	1	0
5	木域手镯　	0	1	1	0
5	木域戒指　	0	1	1	0
5	神域戒指　	0	1	1	0
5	神域手镯　	0	1	1	0
5	神域项链　	0	1	1	0
5	金域戒指　	0	1	1	0
5	金域手镯　	0	1	1	0
5	土域戒指　	0	1	1	0
5	土域手镯　	0	1	1	0
5	土域项链　	0	1	1	0
5	水域戒指　	0	1	1	0
5	水域手镯　	0	1	1	0
5	水域项链　	0	1	1	0
2	超强金创药	0	1	1	0
2	超强魔法药	0	1	1	0
1	打捆超强金创药	0	1	1	0
1	打捆超强魔法药	0	1	1	0
5	宙神头盔	0	1	1	0
5	贝迪头盔	0	1	1	0
5	道域头盔	0	1	1	0
5	勇士头盔	0	1	1	0
4	绿玉裁决	0	1	1	0
4	魔蛇	0	1	1	0
4	天道棍	0	1	1	0
4	斩月刀	0	1	1	0
4	嗜魂魔杖	0	1	1	0
1	圣战诱惑	0	1	1	0
1	法神骷髅	0	1	1	0
1	天尊剑术	0	1	1	0
1	藏玛教主凭证	0	1	1	0
3	圣战盔甲(男)	0	1	1	0
3	圣战盔甲(女)	0	1	1	0
3	天尊战衣(男)	0	1	1	0
3	天尊战衣(女)	0	1	1	0
3	法神魔袍(男)	0	1	1	0
3	法神魔袍(女)	0	1	1	0
4	斩天	0	1	1	0
4	法杖	0	1	1	0
4	碧玉权杖	0	1	1	0
4	红缨棍	0	1	1	0
1	结婚证书	0	1	1	0
4	统帅之刃	0	1	1	0
4	疆域之杖	0	1	1	0
4	玉竹扇	0	1	1	0
1	栗子1	0	1	1	0
1	栗子2	0	1	1	0
1	栗子3	0	1	1	0
1	栗子4	0	1	1	0
1	栗子5	0	1	1	0
1	栗子6	0	1	1	0
1	栗子7	0	1	1	0
1	栗子8	0	1	1	0
1	栗子9	0	1	1	0
1	栗子10	0	1	1	0
1	金色栗子	0	1	1	0
1	银色栗子	0	1	1	0
1	铜色栗子	0	1	1	0
1	褐色栗子	0	1	1	0
7	白菊花	0	1	1	0
4	金域法杖	0	1	1	0
4	蓝玉裁决	0	1	1	0
4	龙骨剑	0	1	1	0
5	英雄头盔(战)	0	1	1	0
5	英雄头盔(法)	0	1	1	0
5	英雄头盔(道)	0	1	1	0
5	英雄项链(战)	0	1	1	0
5	英雄项链(法)	0	1	1	0
5	英雄项链(道)	0	1	1	0
5	英雄手镯(战)	0	1	1	0
5	英雄手镯(法)	0	1	1	0
5	英雄手镯(道)	0	1	1	0
5	英雄戒指(战)	0	1	1	0
5	英雄戒指(法)	0	1	1	0
5	英雄戒指(道)	0	1	1	0
7	灵木腰带	0	1	1	0
7	法神腰带	0	1	1	0
7	皮革腰带	0	1	1	0
7	圣战腰带	0	1	1	0
7	天尊腰带	0	1	1	0
7	草鞋	0	1	1	0
7	布鞋	0	1	1	0
7	紫皮鞋	0	1	1	0
7	棉皮鞋	0	1	1	0
7	金紫靴	0	1	1	0
7	碧玉石	0	1	1	0
7	紫藤石	0	1	1	0
7	青云石	0	1	1	0
7	赤嶙石	0	1	1	0
4	斩龙	0	1	1	0
4	封魔剑	0	1	1	0
4	铁轮	0	1	1	0
4	霹雷	0	1	1	0
4	天神法杖　	0	1	1	0
4	道域剑	0	1	1	0
1	逆魔凭证	0	1	1	0
5	逆魔项链(战)	0	1	1	0
5	逆魔项链(法)	0	1	1	0
5	逆魔项链(道)	0	1	1	0
5	逆魔手镯(战)	0	1	1	0
5	逆魔手镯(法)	0	1	1	0
5	逆魔手镯(道)	0	1	1	0
5	逆魔戒指(战)	0	1	1	0
5	逆魔戒指(法)	0	1	1	0
5	逆魔戒指(道)	0	1	1	0
4	屠龙(魔)	0	1	1	0
3	天灵袍(女)	0	1	1	0
3	CK	0	1	1	0
3	纯棉内裤	0	1	1	0
3	比基尼	0	1	1	0
3	泳装	0	1	1	0
4	屠龙魔	0	1	1	0
4	血饮(魔)	0	1	1	0
4	龙纹魔	0	1	1	0
5	海魂头盔(战)	0	1	1	0
5	海魂头盔(法)	0	1	1	0
5	海魂头盔(道)	0	1	1	0
7	海魂靴(战)	0	1	1	0
7	海魂战靴	0	1	1	0
7	海魂靴(法)	0	1	1	0
7	海魂法靴	0	1	1	0
7	海魂靴(道)	0	1	1	0
7	海魂道靴	0	1	1	0
5	海魂护腕(战)	0	1	1	0
5	海魂战腕	0	1	1	0
5	海魂护腕(法)	0	1	1	0
5	海魂法腕	0	1	1	0
5	海魂护腕(道)	0	1	1	0
5	海魂道腕	0	1	1	0
5	海魂手镯(战)	0	1	1	0
5	海魂战镯	0	1	1	0
5	海魂手镯(法)	0	1	1	0
5	海魂法镯	0	1	1	0
5	海魂手镯(道)	0	1	1	0
5	海魂道镯	0	1	1	0
5	海魂戒指(战)	0	1	1	0
5	海魂战戒	0	1	1	0
5	海魂戒指(法)	0	1	1	0
5	海魂法戒	0	1	1	0
5	海魂戒指(道)	0	1	1	0
5	海魂道戒	0	1	1	0
5	海魂项链(战)	0	1	1	0
5	海魂战链	0	1	1	0
5	海魂项链(法)	0	1	1	0
5	海魂法链	0	1	1	0
5	海魂项链(道)	0	1	1	0
5	海魂道链	0	1	1	0
7	炎龙靴	0	1	1	0
5	炎龙项链	0	1	1	0
5	炎龙戒指	0	1	1	0
7	炎龙腰带	0	1	1	0
5	炎龙手套	0	1	1	0
5	炎龙头盔	0	1	1	0
4	炎龙剑	0	1	1	0
3	炎龙盔甲(男)	0	1	1	0
3	炎龙盔甲(女)	0	1	1	0
3	炎龙袍(男)	0	1	1	0
3	炎龙袍(女)	0	1	1	0
2	红色药水	0	1	1	0
2	蓝色药水	0	1	1	0
1	超级红色药水	0	1	1	0
1	超级蓝色药水	0	1	1	0
1	镇龙珠	0	1	1	0
1	炎龙心脏	0	1	1	0
5	祈福项链　	0	1	1	0
7	荣誉勋章1号	0	1	1	0
7	荣誉勋章2号	0	1	1	0
7	荣誉勋章3号	0	1	1	0
7	荣誉勋章4号	0	1	1	0
7	荣誉勋章5号	0	1	1	0
7	荣誉勋章6号	0	1	1	0
7	荣誉勋章7号	0	1	1	0
7	荣誉勋章8号	0	1	1	0
7	荣誉勋章9号	0	1	1	0
7	荣誉勋章10号	0	1	1	0
7	荣誉勋章11号	0	1	1	0
7	荣誉勋章12号	0	1	1	0
7	荣誉勋章13号	0	1	1	0
7	荣誉勋章14号	0	1	1	0
7	荣誉勋章15号	0	1	1	0
7	荣誉勋章21号	0	1	1	0
7	荣誉勋章22号	0	1	1	0
7	荣誉勋章23号	0	1	1	0
7	荣誉勋章24号	0	1	1	0
7	荣誉勋章25号	0	1	1	0
7	荣誉勋章31号	0	1	1	0
7	荣誉勋章32号	0	1	1	0
7	荣誉勋章33号	0	1	1	0
7	荣誉勋章34号	0	1	1	0
7	荣誉勋章35号	0	1	1	0
7	荣誉勋章41号	0	1	1	0
7	荣誉勋章42号	0	1	1	0
7	荣誉勋章43号	0	1	1	0
7	荣誉勋章44号	0	1	1	0
7	荣誉勋章45号	0	1	1	0
5	帝王头盔　	0	1	1	0
5	帝王项链　	0	1	1	0
5	帝王戒指　	0	1	1	0
5	帝王手套　	0	1	1	0
7	帝王腰带　	0	1	1	0
7	帝王靴　	0	1	1	0
3	霓裳羽衣	0	1	1	0
3	天尊道袍	0	1	1	0
3	天师长袍	0	1	1	0
5	天罡项链　	0	1	1	0
5	天罡戒指　	0	1	1	0
5	天罡手镯　	0	1	1	0
7	天罡腰带　	0	1	1	0
7	天罡靴　	0	1	1	0
5	天罡头盔　	0	1	1	0
5	雷神帽　	0	1	1	0
5	雷神项链　	0	1	1	0
5	雷神手镯　	0	1	1	0
5	雷神戒指　	0	1	1	0
7	雷神腰带　	0	1	1	0
7	雷神靴　	0	1	1	0
7	帝王勋章　	0	1	1	0
7	雷神勋章　	0	1	1	0
1	鹅毛扇	0	1	1	0
1	龙图腾	0	1	1	0
1	石钥匙	0	1	1	0
1	龙骨	0	1	1	0
1	石叶	0	1	1	0
1	神针	0	1	1	0
1	遗忘之杖	0	1	1	0
1	半册天书	0	1	1	0
1	青铜坠碎片	0	1	1	0
1	祖玛令牌	0	1	1	0
1	纯银	0	1	1	0
1	白竹杖	0	1	1	0
1	红肠	0	1	1	0
1	石狮指甲	0	1	1	0
1	雅典盾	0	1	1	0
1	毒蜘蛛牙齿	0	1	1	0
1	青铜八卦	0	1	1	0
1	雪人指甲	0	1	1	0
1	灵魂明珠	0	1	1	0
1	天翼1号	0	1	1	0
1	天翼2号	0	1	1	0
1	天翼3号	0	1	1	0
1	天翼4号	0	1	1	0
1	天翼5号	0	1	1	0
1	天翼6号	0	1	1	0
1	天翼7号	0	1	1	0
1	龙双翼	0	1	1	0
1	金箱	0	1	1	0
1	青铜坠	0	1	1	0
1	1元风云券	0	1	1	0
1	2元风云券	0	1	1	0
1	彻地钉	0	1	1	0
1	双龙斩	0	1	1	0
1	狂风斩	0	1	1	0
1	破空剑	0	1	1	0
1	寒冰掌	0	1	1	0
1	灭天火	0	1	1	0
1	分身术	0	1	1	0
1	火龙气焰	0	1	1	0
1	气功波	0	1	1	0
1	净化术	0	1	1	0
1	无极真气	0	1	1	0
1	飓风破	0	1	1	0
1	诅咒术	0	1	1	0
1	血咒	0	1	1	0
1	骷髅咒	0	1	1	0
3	天使神翼(男)	0	1	1	0
3	天使神翼(女)	0	1	1	0
3	天使尊翼(男)	0	1	1	0
3	天使尊翼(女)	0	1	1	0
3	天使圣翼(男)	0	1	1	0
3	天使圣翼(女)	0	1	1	0
1	超级雪霜包	0	1	1	0
4	血饮魔	0	1	1	0
7	法神佩	0	1	1	0
7	天尊佩	0	1	1	0
7	圣战佩	0	1	1	0
1	50元代金券	0	1	1	0
1	30元代金券	0	1	1	0
1	20元代金券	0	1	1	0
3	毁灭天地	0	1	1	0
4	袭风	0	1	1	0
4	单件绑定备用	0	1	1	0
4	单件绑定备用	0	1	1	0
1	魔剑晶体	0	1	1	0
1	木料	0	1	1	0
1	碳	0	1	1	0
1	魔剑之书	0	1	1	0
1	记忆套装卷	0	1	1	0
4	圣爵	0	1	1	0
4	沙城主专属	0	1	1	0
4	驱魔刃	0	1	1	0
1	100元风云	0	1	1	0
1	500元风云	0	1	1	0
1	1000元风云	0	1	1	0
1	金币	0	1	1	0
