0	打捆超强金创药	616	27500|1	100	1	打捆超强金创药
0	打捆超强魔法药	617	27500|1	100	1	打捆超强魔法药
0	回城卷	402	27500|1	380	1	回城专用卷|
0	超级红毒	258	100000|1	380	1	500持久用量、道士
0	超级绿毒	259	100000|1	380	1	500持久用量、道士
1	100元风云	757	100|0	380	1	点击兑换100元宝
1	500元风云	757	500|0	380	1	点击兑换500元宝
1	1000元风云	757	1000|0	380	1	点击兑换1000元宝
2	重设密码证	268	100|0	380	1	商城密码重设证
2	职业介绍信	0	1500|0	380	1	会员房间找神秘人转
2	记忆套装卷	266	8888|0	380	1	可组队传送队员
3	技巧项链	241	999|0	380	1	技能升级必需品
4	圣爵	10001	9999|0	100	1	战士双倍经验武器
4	驱魔刃	10001	9999|0	100	1	道士双倍经验武器
5	包月制会员证	266	200|0	100	1	包月制会员证
5	祝福油	26	10|0	100	1	清洗红名
5	超级雪霜包	465	2|0	100	1	双击点开，六个雪霜包
5	苹果	426	1|0	380	1	吃了这个身体倍儿棒